-0.06385542168674696
1.4626506024096386
1.4650602409638556
0.9216867469879517
3.791566265060241
2.9
1.2012048192771085
2.3759036144578314
-0.03855421686746985
-1.7048192771084336
-2.02289156626506
-2.2638554216867472
-1.8506024096385543
-4.010843373493976
-2.1096385542168674
-3.7674698795180723
-6.616867469879518
-8.556626506024097
-6.583132530120483
-6.656626506024097
-9.934939759036144
-9.026506024096387
-9.951807228915664
-9.049397590361446
-4.72289156626506
-0.17951807228915673
-1.604819277108434
-3.180722891566265
-2.3542168674698796
-2.2216867469879515
-3.0
-2.2204819277108436
-2.9891566265060243
-2.5602409638554215
-3.0927710843373495
-3.4216867469879517
-1.996385542168675
-3.525301204819277
-2.4457831325301203
-2.5301204819277108
-1.610843373493976
-1.9204819277108434
-4.249397590361445
-2.216867469879518
-1.9132530120481928
-1.5662650602409638
-4.01566265060241
-4.142168674698795
-2.442168674698795
-2.5120481927710836
-3.5180722891566263
-3.8433734939759034
-4.504819277108433
-3.2385542168674704
-1.3891566265060238
-1.4963855421686754
-0.1602409638554212
-0.6204819277108435
0.12409638554216862
1.0180722891566267
-0.8397590361445779
-0.7313253012048193
-1.4060240963855426
0.5168674698795179
1.5385542168674702
1.6590361445783133
2.063855421686746
2.0746987951807228
2.4951807228915674
0.7457831325301214
0.6024096385542164
1.1060240963855419
-2.734939759036144
0.40120481927710827
1.0927710843373504
1.2759036144578317
2.9301204819277107
2.6168674698795193
2.6626506024096397
1.4807228915662662
-2.31566265060241
-3.1951807228915676
-1.3373493975903612
-1.355421686746987
0.6891566265060245
0.6939759036144579
1.3759036144578314
-0.7084337349397583
-0.15301204819277103
0.1228915662650607
1.346987951807229
2.2072289156626503
0.5385542168674711
-1.8650602409638566
-1.8072289156626518
0.25421686746988037
0.6722891566265048
1.2132530120481935
3.1903614457831324
4.987951807228917
4.057831325301205
1.8096385542168676
0.16746987951807313
-0.6987951807228914
-1.790361445783132
-2.304819277108434
-1.7144578313253014
-2.532530120481928
-0.0409638554216869
0.4361445783132538
-0.37228915662650763
-0.1204819277108431
-0.6120481927710841
-0.1746987951807224
0.5698795180722893
-0.7096385542168662
0.9614457831325289
0.018072289156625843
-2.8903614457831335
-4.683132530120483
-5.1409638554216865
-5.334939759036146
-5.23855421686747
-2.695180722891566
-1.927710843373493
0.10361445783132517
0.7783132530120476
0.40963855421686723
-1.896385542168673
-0.09397590361445829
-1.2361445783132528
-0.8734939759036155
-0.8710843373493962
-1.2939759036144558
1.191566265060242
0.06987951807229109
0.774698795180722
2.2457831325301214
4.984337349397592
5.281927710843373
4.775903614457832
2.3662650602409627
1.171084337349395
-0.010843373493976571
-1.1192771084337352
-0.024096385542168974
1.007228915662651
2.46867469879518
2.230120481927713
1.64578313253012
-0.2867469879518083
-0.26506024096385516
-1.2072289156626503
0.9036144578313241
1.4614457831325325
2.590361445783131
4.492771084337349
5.85301204819277
3.840963855421684
1.7927710843373497
1.7024096385542151
0.9108433734939752
0.28915662650602414
-1.573493975903613
-0.6144578313253
-2.8722891566265076
-3.619277108433735
-5.122891566265057
-4.256626506024094
-2.3746987951807235
-1.7012048192771054
-0.5831325301204835
0.14457831325301385
-1.2012048192771125
-0.07108433734939723
2.0518072289156635
-1.4361445783132538
-1.6554216867469904
-2.3783132530120454
-1.097590361445782
-0.5144578313253021
1.0542168674698793
0.6012048192771076
-0.04939759036144409
0.5759036144578324
0.6674698795180731
1.8746987951807235
1.3108433734939737
1.5506024096385538
1.281927710843373
0.2385542168674668
-1.1963855421686773
-1.6204819277108413
-4.504819277108435
-3.716867469879517
-4.304819277108436
-3.3120481927710834
-2.6855421686747007
-3.927710843373493
-6.8192771084337345
-6.459036144578313
-3.9084337349397593
-2.3457831325301193
-2.1542168674698807
-0.1903614457831324
0.18433734939759105
0.9349397590361441
0.9795180722891565
1.2373493975903642
-1.5277108433734945
-0.2843373493975889
0.5891566265060213
-1.3987951807228924
-1.096385542168676
-1.5530120481927732
-2.79156626506024
-3.4228915662650614
-4.318072289156628
-3.6590361445783124
-3.185542168674697
-2.6301204819277118
-1.6433734939759006
-1.0216867469879531
0.0
-0.7710843373493965
-1.43734939759036
-0.857831325301202
-0.8349397590361427
-0.1903614457831324
-0.4734939759036152
0.16746987951807313
0.41566265060241037
-0.7710843373493965
0.09156626506024068
1.3999999999999986
1.0397590361445772
1.7867469879518083
1.9216867469879517
2.253012048192769
2.8554216867469897
2.8240963855421697
3.6638554216867476
3.9855421686747015
3.7987951807228946
3.0253012048192787
3.8626506024096408
3.877108433734943
3.8265060240963855
3.9132530120481945
4.508433734939761
3.9530120481927717
3.485542168674698
3.7710843373493965
3.674698795180724
4.643373493975904
5.721686746987949
5.425301204819274
5.515662650602408
5.521686746987953
3.8831325301204807
4.120481927710841
4.097590361445782
4.022891566265063
2.579518072289158
-0.9795180722891601
1.2975903614457849
2.4638554216867448
3.7855421686746986
2.578313253012052
0.8096385542168711
-1.2457831325301179
-1.7855421686746986
0.7843373493975889
1.9204819277108438
3.3253012048192776
2.4301204819277107
2.7313253012048193
4.00602409638554
2.9710843373493976
2.4626506024096404
3.8192771084337345
3.201204819277109
1.9493975903614444
2.032530120481928
0.6349397590361452
1.1084337349397586
0.783132530120481
2.1481927710843376
2.1409638554216865
1.4373493975903617
3.4228915662650596
5.009638554216869
4.091566265060241
1.13012048192771
-0.40120481927710827
0.010843373493976571
0.8240963855421679
1.4445783132530128
1.660240963855422
2.76024096385542
4.3819277108433745
1.8566265060240958
2.9963855421686745
5.167469879518071
3.483132530120482
1.5445783132530124
2.9313253012048186
3.2518072289156628
4.13975903614458
5.634939759036143
2.4469879518072286
1.3867469879518062
1.1638554216867458
-1.9975903614457842
-1.2373493975903616
-3.8578313253012055
-1.5445783132530115
-2.113253012048193
-1.1084337349397586
-2.13855421686747
-1.0855421686746984
-1.2216867469879515
-2.4144578313253016
-1.216867469879518
-0.9542168674698788
-0.7999999999999998
-2.646987951807229
-2.8337349397590357
-3.519277108433734
-5.126506024096385
-2.986746987951807
-2.3253012048192767
-3.459036144578313
-2.4
-2.5759036144578307
-1.2108433734939759
-1.8951807228915662
-0.9530120481927709
1.4493975903614453
2.3048192771084337
1.1554216867469873
-0.7879518072289158
-1.6457831325301209
0.5457831325301203
0.2722891566265062
0.927710843373494
0.6144578313253013
1.0710843373493972
3.2698795180722895
4.698795180722891
5.2626506024096384
5.189156626506024
7.763855421686746
4.137349397590362
1.76144578313253
0.06867469879518096
-0.19879518072289137
-0.4734939759036143
-0.1216867469879519
0.6518072289156622
-0.542168674698795
-3.2481927710843372
-1.9313253012048195
-0.7987951807228916
-2.5373493975903614
