-1.663855421686747
-3.2373493975903616
-3.5349397590361447
-4.378313253012048
-1.0084337349397592
-1.7000000000000002
-5.8987951807228916
-10.724096385542168
-12.538554216867471
-12.504819277108433
-11.822891566265062
-11.863855421686747
-4.650602409638554
-1.110843373493976
-4.309638554216868
-4.067469879518072
-2.716867469879518
-6.856626506024097
-6.183132530120482
-6.156626506024097
-8.834939759036144
-9.326506024096386
-10.351807228915662
-7.949397590361446
-7.02289156626506
-2.5795180722891566
-6.2048192771084345
-7.1807228915662655
-7.45421686746988
-11.72168674698795
-9.0
-6.420481927710844
-4.489156626506024
-1.3602409638554216
-2.9927710843373494
-4.2216867469879515
-1.2963855421686747
-0.925301204819277
-5.04578313253012
-4.03012048192771
-4.8108433734939755
-3.720481927710843
-2.8493975903614457
-2.716867469879518
-0.6132530120481925
-1.266265060240964
-1.2156626506024097
-1.5421686746987953
-0.5421686746987953
-1.5120481927710838
-3.118072289156626
-2.943373493975903
-1.7048192771084336
-1.6385542168674703
-0.4891566265060239
-0.2963855421686752
0.43975903614457845
2.9795180722891565
2.9240963855421693
2.1180722891566264
2.0602409638554215
-0.831325301204819
-2.306024096385542
-0.4831325301204821
0.03855421686747018
0.4590361445783131
-0.4361445783132538
0.07469879518072364
-0.00481927710843344
2.0457831325301203
1.5024096385542167
1.6060240963855419
2.6650602409638564
2.6012048192771076
1.69277108433735
1.675903614457832
0.4301204819277107
1.1168674698795193
1.7626506024096393
2.080722891566266
2.184337349397591
3.0048192771084317
2.662650602409638
1.9445783132530128
0.48915662650602343
-0.30602409638554207
0.8759036144578314
0.7915662650602417
0.7469879518072293
1.7228915662650603
2.4469879518072286
1.9072289156626514
1.538554216867471
2.3349397590361445
1.2927710843373497
1.35421686746988
-0.22771084337349556
-1.7867469879518065
-1.0096385542168687
0.8879518072289159
2.3578313253012055
2.0096385542168687
1.8674698795180724
3.1012048192771093
3.5096385542168687
2.4951807228915666
2.7855421686746986
4.067469879518072
4.959036144578313
4.836144578313252
3.5277108433734927
0.6795180722891576
-0.012048192771084487
-0.5746987951807228
-0.4301204819277107
-0.20963855421686617
-0.03855421686747107
-1.5819277108433738
-1.1903614457831324
-3.483132530120482
-4.040963855421687
-6.0349397590361455
-5.33855421686747
-4.7951807228915655
-2.3277108433734917
-0.39638554216867483
2.2783132530120493
3.209638554216868
3.7036144578313266
5.106024096385543
5.763855421686747
6.1265060240963845
5.728915662650605
6.206024096385544
6.29156626506024
5.369879518072288
5.3746987951807235
5.545783132530119
4.484337349397592
4.3819277108433745
3.975903614457831
2.16626506024096
0.3710843373493944
-0.010843373493976571
-0.5192771084337373
-1.024096385542169
-0.8927710843373475
-0.33132530120482073
-0.669879518072289
-0.6542168674698772
-1.086746987951809
-0.9650602409638545
-0.8072289156626482
-0.19638554216867732
1.1614457831325318
1.6903614457831289
3.092771084337347
3.7530120481927725
4.040963855421687
4.192771084337348
2.6024096385542137
1.2108433734939759
1.4891566265060234
0.2265060240963841
-2.4144578313253007
-0.972289156626509
0.2807228915662634
1.0771084337349421
0.6433734939759042
1.4253012048192772
1.9987951807228939
1.6168674698795193
2.4445783132530146
3.098795180722888
3.4289156626506028
3.6518072289156613
2.563855421686746
0.7445783132530082
0.9216867469879553
0.7024096385542187
0.9855421686746979
-0.04578313253012212
-1.1987951807228932
-2.1493975903614455
-2.624096385542167
-3.2325301204819255
-1.1253012048192765
0.510843373493973
2.150602409638555
2.081927710843374
0.43855421686746965
-2.296385542168675
-0.3204819277108406
0.7951807228915655
2.283132530120483
3.695180722891564
4.387951807228916
2.8144578313252993
2.8722891566265076
3.880722891566265
4.340963855421688
3.9915662650602393
4.85421686746988
4.845783132530119
3.6096385542168683
3.2843373493975925
2.934939759036144
3.079518072289158
2.9373493975903635
2.8722891566265076
0.6156626506024097
0.6891566265060227
-1.8987951807228924
-3.1963855421686738
-2.153012048192771
-0.8915662650602414
-0.5228915662650593
-1.118072289156629
-3.459036144578313
-2.7855421686746986
-3.4301204819277125
-4.743373493975902
-2.1216867469879546
-1.5
-1.4710843373493994
-2.6373493975903592
-0.7578313253012041
-1.034939759036142
-1.090361445783131
-0.8734939759036138
-2.832530120481927
-3.0843373493975896
-2.2710843373493965
-1.5084337349397607
-1.6999999999999993
-1.3602409638554214
-0.5132530120481924
0.32168674698795385
0.7530120481927689
1.4554216867469911
2.124096385542167
2.4638554216867483
0.9855421686747015
-0.10120481927710756
0.6253012048192765
1.2626506024096393
1.67710843373494
1.1265060240963862
-0.9867469879518076
-0.39156626506023784
0.3530120481927703
-1.014457831325302
0.5710843373493972
-0.12530120481927653
-0.45662650602409727
-1.1783132530120497
-0.5746987951807263
0.6156626506024097
1.4216867469879553
2.983132530120482
3.320481927710844
1.7975903614457813
1.7228915662650621
1.579518072289158
2.1204819277108413
2.5975903614457856
0.2638554216867455
-2.9144578313253007
-2.3216867469879503
-2.090361445783131
-1.8457831325301193
-1.485542168674698
-2.6156626506024114
-2.9795180722891583
-2.5746987951807228
-3.5698795180722893
-5.46867469879518
-5.19397590361446
-3.7289156626506017
-0.6373493975903592
-2.080722891566264
-2.8987951807228907
-1.450602409638556
0.13253012048192758
0.5349397590361438
0.008433734939758963
0.38313253012048065
0.6481927710843376
0.4409638554216855
1.5373493975903614
1.4228915662650596
1.209638554216868
0.29156626506023997
0.33012048192770926
1.3987951807228924
2.710843373493976
3.4240963855421693
2.444578313253013
0.36024096385542137
1.8602409638554196
1.5819277108433738
4.956626506024097
6.096385542168674
5.667469879518071
3.783132530120481
2.844578313253013
3.2313253012048193
2.151807228915663
2.539759036144579
2.0349397590361438
0.5469879518072283
1.0867469879518072
1.2638554216867472
-1.0975903614457838
-3.437349397590361
-4.057831325301206
-3.844578313253012
-2.4132530120481936
-2.7084337349397583
-2.6385542168674703
-2.3855421686746983
-1.4216867469879517
-2.2144578313253014
-1.6168674698795185
-1.754216867469879
-1.9
0.15301204819277103
0.8662650602409645
0.08072289156626589
-1.9265060240963852
-0.2867469879518074
-2.025301204819277
-2.359036144578313
-0.7999999999999998
0.42409638554216933
3.0891566265060244
3.804819277108434
2.146987951807229
-0.9506024096385541
-0.7951807228915664
-0.7445783132530122
-2.8879518072289154
-4.245783132530121
-3.1542168674698794
-2.827710843373494
-2.872289156626506
-3.185542168674699
-1.0289156626506026
-2.330120481927711
-1.2012048192771085
-0.0373493975903616
3.289156626506024
6.163855421686747
6.637349397590361
2.9614457831325303
4.46867469879518
4.101204819277109
3.326506024096386
3.6783132530120484
3.6518072289156622
1.357831325301205
1.4518072289156625
2.66867469879518
3.201204819277108
0.26265060240963867
