-7.263855421686747
-7.437349397590362
-8.534939759036146
-7.078313253012048
-6.30843373493976
-10.3
-10.89879518072289
-9.824096385542168
-6.33855421686747
-4.504819277108433
-4.622891566265061
-1.863855421686747
-2.3506024096385545
-0.810843373493976
-1.9096385542168677
-2.1674698795180722
-1.5168674698795181
0.1433734939759037
-1.383132530120482
-2.6566265060240966
-4.234939759036145
-4.3265060240963855
-5.651807228915663
-6.249397590361446
-6.82289156626506
-6.579518072289157
-4.604819277108434
-3.9807228915662654
-6.15421686746988
-7.021686746987952
-5.699999999999999
-8.920481927710844
-7.989156626506024
-4.160240963855422
-2.4927710843373494
-2.9216867469879517
-5.4963855421686745
-6.725301204819276
-2.3457831325301206
-1.5301204819277108
-0.910843373493976
-0.5204819277108435
-3.7493975903614456
-6.016867469879518
-6.013253012048192
-6.766265060240963
-6.31566265060241
-3.8421686746987955
-4.8421686746987955
-3.312048192771084
-7.218072289156626
-7.243373493975904
-3.004819277108434
-2.33855421686747
-1.9891566265060239
-2.596385542168675
-2.1602409638554216
-3.5204819277108435
-4.175903614457831
-6.381927710843374
-6.239759036144578
-5.131325301204819
-4.906024096385543
-3.3831325301204815
-2.0614457831325304
-0.9409638554216864
-1.5361445783132535
-1.6253012048192765
-2.0048192771084334
-1.3542168674698791
0.4024096385542162
-0.2939759036144576
0.26506024096385605
1.1012048192771076
-1.5072289156626493
-1.7240963855421683
-0.4698795180722888
-0.6831325301204805
-0.43734939759036084
1.5807228915662659
0.684337349397591
1.104819277108433
1.862650602409639
1.6445783132530138
-1.0108433734939766
-1.0060240963855414
-0.72409638554217
1.2915662650602417
0.046987951807228256
-2.47710843373494
-1.853012048192772
-1.8927710843373493
-1.7614457831325296
-0.9650602409638562
0.0927710843373486
-0.5457831325301203
0.5722891566265051
1.3132530120481931
2.590361445783131
-0.11204819277108413
-1.0421686746987948
-1.6903614457831324
-1.6325301204819276
0.0012048192771096922
1.6096385542168683
2.195180722891566
2.2855421686746986
0.36746987951807064
1.6590361445783124
2.136144578313253
3.727710843373494
2.879518072289157
1.4879518072289155
1.725301204819278
2.9698795180722914
5.0903614457831345
5.961445783132529
5.518072289156628
5.1096385542168665
3.116867469879516
1.959036144578313
3.365060240963853
3.9614457831325307
3.7048192771084363
1.272289156626508
-0.4963855421686745
0.17831325301204792
0.6096385542168665
1.303614457831328
2.0060240963855414
1.7638554216867472
2.8265060240963837
3.0289156626506024
0.7060240963855442
1.0915662650602407
-1.330120481927711
-3.1253012048192783
0.14578313253011999
-0.015662650602408235
-1.6180722891566255
-2.1240963855421686
-2.5337349397590394
-1.4289156626506045
-0.2108433734939794
1.9807228915662627
2.2759036144578317
3.7072289156626503
4.368674698795182
3.730120481927713
3.045783132530122
3.7132530120481917
3.5349397590361455
3.7927710843373497
3.403614457831324
3.1614457831325318
1.9903614457831296
0.29277108433734966
-2.1469879518072297
-0.6590361445783159
0.6927710843373482
-0.49759036144578417
-0.5891566265060248
-0.610843373493978
-1.273493975903616
-0.7144578313252978
-0.972289156626509
-0.9192771084337359
-0.32289156626505644
-0.7566265060240944
-0.17469879518072418
1.3987951807228924
2.216867469879517
-1.455421686746984
-0.20120481927711253
-0.2710843373494001
1.2518072289156628
3.1638554216867476
3.944578313253011
2.2216867469879524
1.6024096385542173
2.485542168674698
2.85421686746988
2.301204819277107
1.450602409638556
2.2759036144578317
1.867469879518076
2.3746987951807235
1.8108433734939737
1.950602409638556
-0.3180722891566248
-0.6614457831325318
-0.6963855421686773
-0.12048192771084132
-1.0048192771084352
-0.7168674698795172
-0.3048192771084359
0.48795180722891374
-0.38554216867470004
-0.5277108433734945
-1.8192771084337345
-2.5590361445783145
-1.70843373493976
-0.14578313253011999
0.4457831325301207
2.009638554216867
2.684337349397591
3.034939759036142
3.8795180722891587
4.337349397590362
4.072289156626507
4.515662650602412
4.489156626506023
5.001204819277106
5.403614457831324
5.546987951807228
4.70843373493976
3.67710843373494
1.281927710843373
2.040963855421687
1.7144578313253014
2.169879518072289
1.9566265060240973
1.4783132530120469
-0.1999999999999993
0.8289156626506013
1.56265060240964
2.0421686746987966
2.6650602409638573
2.6096385542168683
2.6265060240963862
2.967469879518074
3.315662650602409
2.8289156626506013
-1.1084337349397586
-0.3999999999999986
0.3397590361445779
0.38674698795180973
0.12168674698795101
-0.34698795180722897
-0.3445783132530096
0.22409638554216826
-0.3361445783132524
-3.4144578313253007
-1.9012048192771083
-0.6746987951807206
0.26265060240963933
-0.12289156626505715
-0.3734939759036138
0.11325301204819382
0.8084337349397615
0.5530120481927696
2.2855421686746986
2.371084337349398
2.8746987951807235
3.443373493975905
3.721686746987949
4.425301204819274
3.4156626506024104
4.221686746987952
3.6831325301204814
3.5204819277108435
3.1975903614457835
4.122891566265064
3.97951807228916
2.920481927710842
0.8975903614457827
-0.8361445783132524
-1.014457831325302
2.078313253012052
0.909638554216869
0.9542168674698814
1.314457831325301
2.5843373493975896
-0.3795180722891569
-2.5746987951807228
-1.2698795180722886
-1.3686746987951803
-0.49397590361445864
-0.8289156626506013
-0.3373493975903603
0.7192771084337348
2.0012048192771097
2.849397590361445
3.3325301204819286
2.634939759036145
2.508433734939759
1.783132530120481
1.9481927710843383
1.1409638554216865
1.137349397590361
2.2228915662650603
0.5096385542168669
-2.8084337349397597
-3.6698795180722907
-2.501204819277108
-1.3891566265060238
-1.475903614457831
-0.35542168674698615
-2.2397590361445783
-2.039759036144579
-1.8180722891566266
-1.1433734939759042
0.6963855421686755
1.967469879518072
2.3831325301204824
0.5445783132530124
-0.668674698795181
-1.048192771084338
-1.5602409638554207
-0.6650602409638555
-1.153012048192771
-0.41325301204819365
-0.3361445783132533
0.6024096385542155
2.662650602409639
1.6421686746987945
2.355421686746988
2.386746987951807
2.291566265060241
1.9614457831325298
1.514457831325302
-2.021686746987952
-2.1144578313253013
-0.4168674698795183
0.7457831325301205
1.4000000000000004
3.853012048192771
5.3662650602409645
-0.019277108433734647
-1.9265060240963852
-3.7867469879518074
-1.025301204819277
1.3409638554216867
2.0999999999999996
0.8240963855421688
1.189156626506024
0.3048192771084337
0.34698795180722897
-2.2506024096385544
-0.5951807228915662
-2.144578313253012
-2.387951807228916
-1.445783132530121
-2.2542168674698795
-3.5277108433734936
-3.372289156626506
-2.1855421686746985
-1.2289156626506026
-3.0301204819277108
-4.501204819277108
-6.137349397590362
-5.110843373493976
-6.036144578313253
-5.662650602409638
-4.63855421686747
-1.4313253012048193
0.20120481927710854
-0.9734939759036143
-1.121686746987952
1.0518072289156626
-0.6421686746987951
0.35180722891566263
0.9686746987951806
1.9012048192771083
0.36265060240963853
