-1.863855421686747
-0.5373493975903614
1.0650602409638557
1.621686746987952
2.3915662650602405
2.8000000000000003
2.3012048192771086
3.0759036144578316
1.76144578313253
0.5951807228915662
0.0771084337349397
2.636144578313253
1.4493975903614458
4.289156626506024
2.5903614457831323
4.132530120481928
2.983132530120482
0.9433734939759038
2.216867469879518
1.2433734939759036
-0.8349397590361446
-1.9265060240963856
-1.6518072289156627
-0.24939759036144582
2.5771084337349395
1.3204819277108435
2.995180722891566
2.619277108433735
1.8457831325301206
3.5783132530120483
1.9
3.6795180722891567
2.8108433734939755
0.9397590361445785
2.707228915662651
1.8783132530120485
0.10361445783132517
1.9746987951807227
2.454216867469879
5.46987951807229
5.089156626506024
3.079518072289157
2.0506024096385547
2.183132530120482
1.0867469879518072
0.9337349397590362
1.6843373493975902
-1.9421686746987954
-4.142168674698795
-5.112048192771084
-6.418072289156626
-5.543373493975904
-3.104819277108434
-4.53855421686747
-10.989156626506023
-11.596385542168676
-10.06024096385542
-10.520481927710843
-8.57590361445783
-7.981927710843374
-7.039759036144578
-4.831325301204819
-2.306024096385542
-0.8831325301204815
0.23855421686746947
1.2590361445783138
2.2638554216867464
4.574698795180723
5.4951807228915674
5.645783132530122
3.702409638554216
1.806024096385543
1.265060240963856
0.8012048192771086
1.9927710843373507
4.175903614457832
2.530120481927712
2.216867469879519
1.362650602409639
1.6807228915662655
2.3843373493975903
2.7048192771084327
0.9626506024096386
-0.05542168674698722
0.7891566265060241
-1.1060240963855428
-2.024096385542169
-1.2084337349397583
-1.153012048192771
-0.67710843373494
-1.4530120481927717
-0.3927710843373493
-1.3614457831325293
0.23493975903614306
-0.8072289156626518
-1.8457831325301193
-0.9277108433734949
-0.5867469879518072
-1.0096385542168687
-1.8120481927710834
0.05783132530120483
0.909638554216869
1.1674698795180731
2.201204819277109
1.4096385542168672
0.49518072289156656
1.185542168674699
1.6674698795180714
2.5590361445783127
2.836144578313254
2.8277108433734917
1.7795180722891573
0.5879518072289152
-0.8746987951807217
-0.03012048192771033
0.4903614457831331
-1.038554216867471
-0.5819277108433738
0.5096385542168669
-1.483132530120482
-1.1409638554216865
-1.5349397590361455
-1.2385542168674704
-1.3951807228915651
0.6722891566265083
1.3036144578313262
1.3783132530120472
2.309638554216866
1.803614457831328
-0.09397590361445829
0.7638554216867472
2.026506024096383
1.4289156626506045
0.4060240963855435
2.191566265060242
2.9698795180722897
2.774698795180722
1.14578313253012
-0.015662650602408235
-0.8180722891566266
-0.7240963855421683
-1.7337349397590387
-0.9289156626506028
-1.0108433734939766
-1.2192771084337366
-0.8240963855421697
-1.2927710843373497
-1.631325301204818
-1.8698795180722882
-1.1542168674698772
-2.086746987951809
-2.565060240963856
-1.9072289156626496
-2.6963855421686755
-1.5385542168674675
-1.2096385542168697
-0.007228915662651048
0.653012048192771
2.740963855421686
2.0927710843373504
3.1024096385542137
3.0108433734939766
2.289156626506024
2.1265060240963862
1.5855421686746993
1.927710843373493
0.4807228915662627
0.27710843373494143
0.14337349397590415
-1.0746987951807228
-3.4012048192771083
-3.0831325301204835
-3.155421686746987
-3.0012048192771097
-3.1710843373493987
-2.8481927710843387
-3.936144578313254
-3.055421686746989
-4.178313253012046
-5.097590361445782
-6.614457831325302
-7.245783132530121
-4.598795180722892
-3.749397590361447
-3.824096385542166
-4.832530120481927
-4.1253012048192765
-2.6891566265060263
-3.249397590361447
-3.3180722891566248
-5.56144578313253
-4.596385542168676
-3.920481927710842
-3.2048192771084345
-2.516867469879518
-2.6048192771084366
-2.912048192771085
-4.285542168674699
-4.827710843373495
-2.219277108433733
-0.7590361445783138
-0.70843373493976
0.2542168674698786
-1.35421686746988
-1.7903614457831338
-1.5156626506024082
-1.1650602409638573
-0.12048192771084132
0.03734939759036138
-1.8277108433734917
-1.0843373493975896
-0.5108433734939766
0.0012048192771061395
-0.8963855421686766
-0.8530120481927739
-0.29156626506023997
-1.82289156626506
-1.9180722891566262
-0.4590361445783131
-0.3855421686746965
-0.03012048192771033
-1.743373493975902
-2.521686746987953
-3.8000000000000007
-4.071084337349397
-4.43734939759036
-3.757831325301204
-2.2349397590361413
-1.3903614457831317
-1.773493975903616
-3.1325301204819276
-3.5843373493975896
-2.971084337349396
-2.1084337349397586
-0.5
0.6397590361445786
1.9867469879518076
2.7216867469879524
2.253012048192769
0.3554216867469897
-0.5759036144578324
-1.4361445783132503
-0.6144578313253
-0.20120481927710543
0.5253012048192787
0.4626506024096386
-0.22289156626505857
-2.473493975903615
-2.886746987951806
-1.9915662650602393
-1.2469879518072275
-1.6144578313253
-0.5289156626506006
-0.3253012048192758
-0.45662650602409727
-1.9783132530120504
-1.5746987951807263
-0.18433734939759105
-0.07831325301204473
0.38313253012048065
0.42048192771084203
0.09759036144578204
0.8228915662650635
0.7795180722891608
-2.779518072289159
-3.8024096385542165
-2.436144578313254
-1.6144578313253017
-0.6216867469879492
0.30963855421687114
1.0542168674698829
1.1144578313253017
1.9843373493975882
1.220481927710841
1.2253012048192762
0.9301204819277107
1.53132530120482
0.8060240963855403
-4.028915662650602
-2.3373493975903603
-1.9807228915662645
-0.298795180722891
-0.5506024096385556
-1.2674698795180728
-2.9650602409638562
-2.5915662650602425
-1.8168674698795204
-0.3518072289156624
0.5409638554216869
0.43734939759036173
1.522891566265061
2.1096385542168665
0.79156626506024
-0.46987951807228967
-1.7012048192771072
-0.5891566265060231
0.524096385542169
0.9445783132530128
2.960240963855421
3.460240963855421
3.481927710843374
0.6566265060240966
-0.10361445783132517
1.467469879518072
1.483132530120482
0.4445783132530128
0.5313253012048182
-0.04819277108433795
0.23975903614458005
2.234939759036143
3.4469879518072286
2.186746987951807
0.26385542168674725
-0.49759036144578417
-1.8373493975903612
-1.0578313253012057
-0.8445783132530114
-0.8132530120481931
1.0915662650602416
1.4614457831325298
1.9144578313253016
0.07831325301204828
-0.7144578313253014
-0.6168674698795185
-0.2542168674698795
0.20000000000000018
-0.4469879518072286
-1.3337349397590357
-0.6192771084337343
-3.926506024096385
-2.386746987951807
-0.8253012048192767
-0.7590361445783129
-2.0
-2.0759036144578307
-1.6108433734939758
-1.2951807228915664
-0.15301204819277103
1.9493975903614453
-0.7951807228915664
-0.5445783132530124
-1.4879518072289155
0.754216867469879
1.8457831325301206
3.2722891566265067
4.427710843373495
5.714457831325301
3.4710843373493976
3.7698795180722895
2.0987951807228917
0.8626506024096383
-1.0108433734939757
-0.536144578313253
-1.1626506024096384
-1.5385542168674697
-2.7313253012048193
-4.098795180722892
-4.073493975903615
-3.121686746987952
-2.5481927710843375
-2.842168674698795
-3.5481927710843375
-3.2313253012048193
-1.9987951807228916
-1.2373493975903616
