-1.763855421686747
4.462650602409639
3.265060240963856
2.7216867469879515
4.291566265060241
4.6
2.2012048192771085
1.0759036144578311
1.76144578313253
2.095180722891566
-0.022891566265060392
-0.563855421686747
1.7493975903614456
-0.810843373493976
1.5903614457831323
2.132530120481928
4.883132530120482
3.5433734939759036
3.216867469879518
3.6433734939759033
4.1650602409638555
3.9734939759036143
0.6481927710843374
-0.9493975903614458
0.6771084337349396
-0.3795180722891567
-1.0048192771084339
-2.280722891566265
-1.0542168674698795
-0.5216867469879516
1.7000000000000002
0.5795180722891566
-2.289156626506024
-3.8602409638554214
-4.192771084337349
-1.0216867469879518
0.403614457831325
0.0746987951807232
0.8542168674698796
0.6698795180722894
3.289156626506024
1.579518072289157
-0.1493975903614455
-0.3168674698795182
-0.9132530120481928
-0.16626506024096388
0.6843373493975902
1.0578313253012048
0.9578313253012043
0.2879518072289162
2.181927710843374
2.0566265060240965
3.895180722891566
3.7614457831325296
4.410843373493976
4.903614457831324
4.239759036144579
2.9795180722891565
2.324096385542169
-0.8819277108433736
-1.2397590361445783
-4.131325301204819
-5.106024096385542
-6.3831325301204815
-5.96144578313253
-4.940963855421686
-4.136144578313253
-2.9253012048192764
-2.8048192771084333
-1.154216867469879
-0.6975903614457843
0.9060240963855426
2.1650602409638564
2.9012048192771083
0.7927710843373497
1.2759036144578317
0.2301204819277114
-0.8831325301204807
-3.937349397590361
-4.919277108433734
-3.31566265060241
-0.9951807228915674
1.162650602409638
0.34457831325301314
1.1891566265060245
2.0939759036144583
1.8759036144578314
2.1915662650602403
3.1469879518072297
2.7228915662650603
2.346987951807229
1.6072289156626507
3.2385542168674704
2.934939759036144
2.5927710843373486
2.7542168674698804
1.872289156626504
-1.0867469879518072
-3.5096385542168687
-3.1120481927710832
-1.0421686746987948
1.209638554216868
4.567469879518072
6.101204819277108
7.009638554216869
6.7951807228915655
6.085542168674699
5.767469879518073
7.959036144578313
6.136144578313253
4.127710843373492
5.779518072289159
3.6879518072289166
4.025301204819277
3.0698795180722893
-0.6096385542168665
-1.6385542168674707
1.3180722891566266
2.509638554216867
1.016867469879518
0.5590361445783127
-0.23493975903614484
1.3614457831325293
1.8048192771084342
0.8722891566265076
-1.3963855421686748
-0.3216867469879521
0.6096385542168665
0.2036144578313266
-3.193975903614458
-5.836144578313254
-6.473493975903617
-3.971084337349396
-3.8939759036144572
-4.108433734939759
-1.2301204819277096
-0.12530120481927653
-1.7542168674698804
-1.7156626506024075
-1.218072289156627
-0.9240963855421693
-0.2337349397590387
-0.3289156626506049
0.7891566265060206
0.6807228915662655
-0.024096385542168974
0.7072289156626503
1.0686746987951814
1.4301204819277125
0.64578313253012
-0.6867469879518069
-1.7650602409638552
-3.7072289156626503
-2.596385542168676
-0.13855421686746894
0.09036144578313099
0.5927710843373468
1.4530120481927717
2.6409638554216848
2.392771084337351
0.9024096385542144
1.5108433734939766
0.18915662650602272
-1.273493975903616
0.28554216867470217
0.7277108433734938
0.5807228915662641
-1.2228915662650586
-3.4566265060240937
-3.274698795180722
-1.7012048192771054
0.4168674698795165
1.4445783132530146
-2.0012048192771097
-2.871084337349398
-3.7481927710843372
-2.3361445783132524
-0.25542168674699184
-0.47831325301204686
1.1024096385542173
1.5855421686746993
0.9542168674698779
1.1012048192771076
-1.049397590361444
-0.9240963855421676
0.7674698795180745
-0.22530120481927796
-1.0891566265060248
-0.24939759036144693
-1.018072289156624
0.13855421686746894
1.6036144578313234
2.1795180722891594
2.595180722891566
3.3831325301204807
1.5951807228915662
-0.7120481927710856
-0.7855421686746986
-2.827710843373495
-2.219277108433733
-2.5590361445783145
-3.108433734939762
-2.14578313253012
-1.5542168674698793
-1.6903614457831324
-1.6156626506024097
-0.465060240963858
0.47951807228915655
1.9373493975903635
2.272289156626506
2.6156626506024097
2.5891566265060213
2.7012048192771054
2.6036144578313234
1.6469879518072261
-0.49156626506023926
-0.6228915662650607
0.5819277108433738
2.6409638554216883
4.314457831325303
3.9698795180722897
3.0566265060240987
-2.6216867469879546
-2.599999999999998
-3.7710843373493965
-4.237349397590361
-3.4578313253012034
-1.034939759036142
0.5096385542168669
-2.573493975903613
-4.332530120481927
-2.5843373493975896
-1.871084337349398
-0.30843373493976145
1.3999999999999986
0.8397590361445779
-0.7132530120481917
0.5216867469879531
1.253012048192769
2.8554216867469897
2.9240963855421676
2.763855421686749
2.7855421686746986
4.498795180722894
3.225301204819278
4.362650602409641
5.277108433734941
5.526506024096385
5.213253012048192
5.008433734939761
3.5530120481927696
1.1855421686746972
-0.32891566265060135
0.17469879518072418
0.24337349397590202
1.4216867469879482
1.7253012048192744
0.815662650602409
0.32168674698795385
0.38313253012048065
1.1204819277108413
2.2975903614457813
1.0228915662650628
1.579518072289158
2.8204819277108406
3.5975903614457856
3.4638554216867448
3.3855421686747
2.278313253012051
1.3096385542168711
1.7542168674698821
0.9144578313253025
0.8843373493975903
-0.17951807228915762
1.025301204819277
1.63012048192771
1.3313253012048207
2.3060240963855403
2.8710843373493997
2.4626506024096404
2.2192771084337366
2.4012048192771083
2.1493975903614455
1.9325301204819265
2.934939759036146
2.008433734939759
2.4831325301204803
2.1481927710843376
2.840963855421686
2.2373493975903624
2.7228915662650603
1.709638554216868
1.0915662650602407
1.13012048192771
2.3987951807228924
2.5108433734939766
3.7240963855421683
5.944578313253015
5.860240963855421
3.6602409638554203
-0.21807228915662513
-0.7433734939759038
-0.4036144578313259
-1.232530120481929
-1.4168674698795183
-2.355421686746987
-2.7686746987951816
-3.548192771084337
-4.3602409638554205
-4.965060240963856
-2.7530120481927716
-0.6132530120481938
-0.1361445783132531
-0.8975903614457836
-1.3373493975903612
-0.5578313253012057
-0.5445783132530115
0.9867469879518067
-0.8084337349397588
-1.2385542168674704
-0.6855421686746981
-1.121686746987952
1.3855421686746983
6.283132530120481
6.145783132530121
3.6000000000000005
3.953012048192771
3.966265060240964
4.380722891566266
3.773493975903614
4.313253012048193
3.3746987951807235
0.6409638554216874
-0.6000000000000001
-1.1759036144578308
-0.41084337349397604
-0.895180722891566
0.1469879518072288
0.749397590361446
2.4048192771084334
2.455421686746988
4.612048192771084
5.454216867469879
2.4457831325301203
0.07228915662650648
-2.2722891566265058
-2.2855421686746986
-2.7289156626506026
-0.030120481927710774
-0.6012048192771084
-1.9373493975903615
-0.3108433734939757
-0.736144578313253
1.137349397590362
2.3614457831325306
0.2686746987951807
-0.5987951807228913
-0.6734939759036145
-2.3216867469879516
-1.8481927710843375
2.4578313253012047
2.7518072289156623
2.66867469879518
2.6012048192771084
0.7626506024096387
