-0.06385542168674696
-2.6373493975903615
-0.034939759036144435
0.32168674698795163
0.39156626506024095
0.7000000000000001
1.1012048192771084
0.6759036144578313
0.9614457831325303
1.9951807228915661
2.2771084337349397
1.536144578313253
0.6493975903614457
0.18915662650602405
0.7903614457831325
2.032530120481928
2.5831325301204817
1.2433734939759036
-1.083132530120482
-1.5566265060240965
-0.43493975903614457
-1.4265060240963856
-2.0518072289156626
-4.1493975903614455
-2.7228915662650603
-2.0795180722891566
-1.7048192771084338
-2.180722891566265
-2.3542168674698796
-5.621686746987952
-9.0
-5.420481927710844
-5.1891566265060245
-3.7602409638554217
-1.3927710843373493
-1.2216867469879518
-0.7963855421686747
-0.925301204819277
-2.1457831325301204
-3.130120481927711
-0.6108433734939762
1.1795180722891567
1.6506024096385543
0.4831325301204821
3.0867469879518077
1.133734939759036
1.2843373493975898
3.1578313253012045
2.9578313253012043
2.787951807228916
1.9819277108433737
2.456626506024097
3.195180722891566
0.06144578313252946
-0.08915662650602396
0.2036144578313248
1.539759036144578
-1.2204819277108436
-2.475903614457831
-3.7819277108433735
-1.9397590361445785
-0.5313253012048191
-0.006024096385542244
0.4168674698795183
0.83855421686747
2.0590361445783136
3.563855421686747
3.8746987951807235
3.395180722891566
1.5457831325301203
0.5024096385542158
-0.2939759036144576
-0.8349397590361436
0.0012048192771079158
0.19277108433735002
0.475903614457831
2.7301204819277114
2.216867469879519
1.4626506024096386
-0.1192771084337334
1.184337349397591
2.0048192771084317
0.9626506024096386
1.8445783132530131
-0.11084337349397622
-0.6060240963855428
-0.9240963855421693
-0.3084337349397597
0.5469879518072283
0.9228915662650596
-0.15301204819277103
-0.7927710843373497
-2.0614457831325286
-1.9650602409638562
-1.9072289156626514
-1.5457831325301203
-1.127710843373496
0.013253012048192403
1.6903614457831324
2.4879518072289173
1.0578313253012048
-0.3903614457831317
1.2674698795180728
-0.39879518072289066
-0.49036144578313134
-3.404819277108434
-2.7144578313253014
-3.9325301204819283
-4.340963855421687
-2.7638554216867455
-2.6722891566265083
-1.7204819277108427
-2.0120481927710845
-2.3746987951807217
-4.53012048192771
-5.6096385542168665
-4.338554216867472
-2.981927710843374
-1.790361445783132
0.5168674698795179
0.4590361445783131
1.065060240963854
1.66144578313253
0.7048192771084345
0.37228915662650763
-0.19638554216867377
-0.4216867469879517
-0.4903614457831331
0.4036144578313259
0.106024096385541
-1.0361445783132535
0.526506024096383
0.5289156626506024
-0.2939759036144558
-0.20843373493976003
0.36987951807228825
-0.8253012048192776
-1.0542168674698793
-0.11566265060240966
0.18192771084337522
1.975903614457831
2.566265060240962
2.671084337349395
1.1891566265060227
1.9807228915662627
1.1759036144578303
-2.292771084337348
-1.831325301204819
-0.9698795180722861
-0.5542168674698793
0.6132530120481903
0.4349397590361441
0.29277108433734966
1.403614457831324
1.5614457831325304
1.6903614457831289
2.1927710843373482
1.7530120481927725
2.4409638554216855
2.1927710843373482
2.6024096385542137
3.5108433734939766
2.889156626506022
2.026506024096385
0.28554216867470217
0.12771084337349237
1.1807228915662655
-1.1228915662650572
-1.0566265060240951
0.5253012048192751
0.8987951807228924
-1.0831325301204835
-0.15542168674698686
-0.8012048192771104
0.22891566265059993
0.5518072289156635
-0.23614457831325453
0.3445783132530096
1.5216867469879531
3.1024096385542173
3.985542168674698
4.754216867469879
4.101204819277108
3.750602409638553
3.9759036144578346
4.967469879518074
4.174698795180721
3.010843373493973
3.050602409638554
3.3819277108433745
3.138554216867469
0.8036144578313227
1.3795180722891587
2.195180722891564
2.3831325301204807
1.195180722891564
0.7879518072289144
2.2144578313253014
3.772289156626506
4.280722891566267
3.4409638554216855
3.4915662650602393
3.7542168674698786
3.3457831325301193
4.309638554216868
3.2843373493975925
3.6349397590361434
4.179518072289156
3.4373493975903635
4.172289156626508
0.21566265060241108
1.2891566265060206
2.2012048192771054
-0.6963855421686738
-0.9530120481927717
-2.191566265060242
-0.32289156626506
0.5819277108433738
1.3409638554216876
0.7144578313253014
1.8698795180722882
3.3566265060240994
2.478313253012047
0.9000000000000021
0.12891566265060206
-0.13734939759035925
-2.057831325301205
-1.534939759036142
-2.490361445783133
-2.273493975903616
-2.1325301204819276
-1.3843373493975903
-0.5710843373493972
0.29156626506023997
1.8000000000000007
3.2397590361445765
2.2867469879518083
2.021686746987953
2.253012048192769
2.3554216867469897
2.3240963855421697
1.9638554216867483
2.0855421686746993
-1.1012048192771076
-0.47469879518072133
-0.8373493975903621
-0.9228915662650579
-0.7734939759036159
-0.08674698795180547
1.0084337349397607
0.7530120481927725
1.3855421686747
2.2710843373493965
2.974698795180725
4.043373493975903
4.421686746987948
3.7253012048192744
3.6156626506024097
-0.37831325301204544
-2.016867469879518
-0.17951807228915584
-0.7024096385542187
-0.6771084337349365
-1.02048192771084
-2.0795180722891597
-2.8024096385542165
-2.0361445783132535
-1.7144578313253014
-1.7216867469879489
-0.2903614457831303
-1.3457831325301193
-0.8855421686746983
-0.7156626506024111
0.4204819277108438
-0.9746987951807231
-0.16987951807228896
-1.46867469879518
-1.6939759036144597
-1.2289156626506017
-0.93734939759036
-0.48072289156626447
0.701204819277109
1.2493975903614434
3.4325301204819265
1.1349397590361452
1.1084337349397586
0.38313253012048065
0.9481927710843383
1.7409638554216862
1.0373493975903614
2.2228915662650603
3.3096385542168676
1.8915662650602414
2.9301204819277107
3.0987951807228917
1.8108433734939755
1.024096385542169
0.9445783132530128
-1.339759036144578
-3.8397590361445797
-4.418072289156626
-5.643373493975903
-4.403614457831325
-4.032530120481929
-4.216867469879518
-3.9554216867469867
-3.868674698795181
-3.1481927710843376
-2.8602409638554205
-4.365060240963857
-4.153012048192771
-3.813253012048193
-3.136144578313253
-3.3975903614457836
-0.23734939759036155
2.442168674698795
0.8554216867469879
-0.6132530120481929
-0.10843373493975861
-1.5385542168674702
-1.185542168674698
-0.1216867469879519
0.685542168674699
2.3831325301204815
1.845783132530121
2.5
0.7530120481927716
-1.133734939759036
1.280722891566266
1.3734939759036147
1.9132530120481928
-1.1253012048192765
1.540963855421687
2.4000000000000004
0.024096385542168974
0.38915662650602423
2.2048192771084336
2.546987951807229
0.2493975903614456
-0.4951807228915661
0.25542168674698784
1.3120481927710848
0.3542168674698791
1.3457831325301206
-1.5277108433734936
-0.17228915662650612
-2.2855421686746986
-0.2289156626506026
0.5698795180722893
-0.4012048192771085
-5.637349397590362
-8.410843373493975
-7.836144578313253
-6.862650602409638
-6.93855421686747
-4.63132530120482
-1.5987951807228913
-0.7734939759036144
-1.0216867469879518
0.5518072289156626
-0.44216867469879506
-0.4481927710843373
-1.8313253012048194
-0.7987951807228916
-1.3373493975903614
