-1.663855421686747
-0.9373493975903614
-1.0349397590361444
-1.3783132530120483
-2.308433734939759
-1.8
-2.0987951807228917
-0.9240963855421687
-0.2385542168674698
-0.10481927710843375
-0.12289156626506037
-0.16385542168674694
0.049397590361445864
-1.510843373493976
-1.1096385542168676
-0.5674698795180722
0.7831325301204819
1.5433734939759038
-0.2831325301204819
0.04337349397590351
-2.8349397590361445
-2.3265060240963855
-1.4518072289156627
-1.0493975903614459
-1.1228915662650603
-3.4795180722891565
-3.404819277108434
-4.1807228915662655
-6.554216867469879
-4.021686746987951
-4.4
-4.320481927710843
-5.6891566265060245
-8.260240963855422
-6.69277108433735
-3.321686746987952
-4.4963855421686745
-5.725301204819277
-3.84578313253012
-1.6301204819277106
-3.110843373493976
-2.4204819277108434
-1.2493975903614456
-0.016867469879517927
0.5867469879518072
-0.6662650602409639
-2.6156626506024097
-2.442168674698795
-2.7421686746987954
-2.2120481927710838
-1.4180722891566262
-0.34337349397590344
0.19518072289156585
0.8614457831325302
-0.08915662650602396
-0.3963855421686753
-1.0602409638554215
-0.5204819277108435
0.8240963855421688
1.8180722891566266
0.9602409638554219
2.0686746987951814
3.7939759036144585
2.6168674698795176
3.63855421686747
-0.14096385542168655
-4.0361445783132535
-4.925301204819276
-4.404819277108434
-4.054216867469879
-1.3975903614457836
-1.693975903614458
-2.1349397590361434
-4.8987951807228916
-5.10722891566265
-2.6240963855421686
-0.669879518072289
-0.08313253012047994
0.26265060240963933
2.280722891566265
1.3843373493975903
2.8048192771084324
1.662650602409638
2.5445783132530124
1.1891566265060245
-2.5060240963855422
-3.6240963855421695
-2.308433734939759
-1.9530120481927709
-0.7771084337349397
0.6469879518072279
-1.3927710843373493
-4.461445783132529
-4.065060240963856
-3.807228915662651
-2.445783132530119
-2.127710843373496
0.21325301204819347
1.3903614457831317
1.3879518072289159
1.8578313253012055
2.6096385542168683
2.5674698795180717
3.4012048192771083
3.6096385542168683
4.895180722891567
4.4855421686747
4.867469879518071
4.259036144578314
3.5361445783132535
2.427710843373493
1.6795180722891576
0.08795180722891516
-0.27469879518072204
1.9698795180722897
2.1903614457831324
0.9614457831325289
1.4180722891566262
2.009638554216867
2.9168674698795165
3.0590361445783127
1.7650602409638552
1.16144578313253
-0.2951807228915655
0.4722891566265073
-0.5963855421686741
1.178313253012048
0.8096385542168676
1.5036144578313273
2.5060240963855414
1.8638554216867451
0.526506024096383
0.6289156626506038
-0.2939759036144558
0.49156626506023926
1.9698795180722897
2.5746987951807228
-0.9542168674698797
-0.6156626506024079
-0.5180722891566258
-3.9240963855421693
-3.933734939759038
-2.9289156626506045
-1.2108433734939776
0.5807228915662641
-0.524096385542169
0.007228915662651048
-0.53132530120482
0.7301204819277132
0.8457831325301228
1.3132530120481931
0.9349397590361441
1.492771084337349
2.5036144578313255
1.1614457831325318
1.2903614457831303
0.8927710843373475
1.153012048192771
0.2409638554216862
-0.8072289156626518
-0.6975903614457835
0.9108433734939752
2.089156626506025
1.726506024096384
1.2855421686747022
1.1277108433734924
1.7807228915662634
1.6771084337349436
1.843373493975907
0.8253012048192758
-0.9012048192771083
-1.6831325301204814
-0.7554216867469847
0.29879518072288747
0.9289156626506028
0.5518072289156635
1.863855421686747
0.04457831325300887
0.12168674698795456
1.402409638554218
2.8855421686747
4.254216867469879
5.301204819277107
5.8506024096385545
6.275903614457832
5.567469879518075
5.774698795180722
5.810843373493974
5.450602409638556
2.481927710843376
1.7385542168674668
2.5036144578313255
2.6795180722891594
2.495180722891565
3.0831325301204835
1.195180722891564
0.8879518072289159
0.8144578313252993
0.37228915662650763
1.3807228915662648
1.9409638554216855
1.8915662650602378
1.5542168674698793
2.3457831325301193
2.6096385542168683
-2.0156626506024082
-0.8650602409638566
-0.12048192771084132
-2.362650602409637
-2.3277108433734917
-2.5843373493975896
-1.4108433734939787
-0.49879518072289386
-0.19638554216867377
0.046987951807228256
0.3084337349397579
1.3771084337349393
1.781927710843373
-0.3590361445783117
1.2144578313253014
1.8698795180722882
1.4566265060240973
1.9783132530120469
3.1000000000000014
4.128915662650602
4.56265060240964
4.242168674698796
3.2650602409638587
-0.590361445783131
-0.9734939759036152
-2.732530120481929
-2.5843373493975896
-4.171084337349399
-3.6084337349397586
-2.6999999999999993
-3.8602409638554214
-2.2132530120481917
-0.9783132530120469
-0.6469879518072297
0.45542168674699113
0.9240963855421676
1.9638554216867483
1.1855421686747007
1.7987951807228946
2.1253012048192765
1.06265060240964
1.17710843373494
0.7265060240963841
-0.6867469879518069
-1.9915662650602393
-3.346987951807229
-3.7144578313253014
-3.8289156626506013
-3.525301204819277
-3.1566265060240966
-4.57831325301205
-2.7746987951807256
-0.7843373493975889
-1.8783132530120454
-2.8168674698795186
-2.079518072289158
-2.0024096385542176
-4.8771084337349375
-5.820481927710841
-4.379518072289159
-3.202409638554215
-2.336144578313254
-2.1144578313253017
-0.5216867469879496
-1.7903614457831303
-3.145783132530118
-4.885542168674698
-4.315662650602411
-2.879518072289157
-3.6746987951807224
-5.46987951807229
-4.46867469879518
-2.2939759036144594
-2.428915662650601
0.2626506024096411
-1.1807228915662655
-4.098795180722892
-3.7506024096385566
-4.267469879518073
-5.865060240963856
-6.691566265060242
-3.0168674698795197
-3.5518072289156617
-2.8590361445783135
-2.4626506024096386
-1.8771084337349393
-2.0903614457831328
-2.008433734939759
0.23012048192770962
2.0987951807228917
1.910843373493977
1.2240963855421683
2.5445783132530124
3.660240963855422
0.6602409638554203
-0.9180722891566262
-1.2433734939759038
0.2963855421686752
-0.232530120481929
-1.716867469879519
-1.9554216867469867
-1.2686746987951807
1.5518072289156635
-2.26024096385542
-2.3650602409638566
-1.3530120481927712
-2.613253012048194
-3.636144578313253
-5.097590361445784
-2.5373493975903614
-3.757831325301206
-5.344578313253011
-4.913253012048193
-6.308433734939759
-6.23855421686747
-3.8855421686746983
-2.7216867469879515
-0.7144578313253014
-1.4168674698795183
-1.0542168674698793
-1.7999999999999998
-3.246987951807229
-2.3337349397590357
-3.8192771084337345
-0.726506024096385
-0.38674698795180706
-0.12530120481927653
0.5409638554216869
2.7
4.824096385542169
5.089156626506025
1.9048192771084338
0.24698795180722888
-1.5506024096385542
-1.6951807228915663
-1.5445783132530124
-1.8879518072289156
-1.3457831325301208
-2.3542168674698796
-1.9277108433734937
-0.972289156626506
-1.3855421686746987
-1.7289156626506026
0.06987951807228932
-2.5012048192771084
-4.137349397590362
-5.210843373493976
-4.936144578313253
-4.362650602409638
-2.23855421686747
-1.9313253012048193
-1.2987951807228912
-3.1734939759036145
-2.9216867469879517
-2.2481927710843377
-1.4421686746987952
-2.7481927710843372
-0.8313253012048194
-1.1987951807228916
0.26265060240963867
