-0.16385542168674694
-0.4373493975903614
-0.9349397590361446
-0.7783132530120482
-0.20843373493975914
0.29999999999999993
-0.4987951807228916
-1.9240963855421689
-0.8385542168674698
-1.3048192771084337
-5.02289156626506
-1.663855421686747
0.6493975903614457
0.689156626506024
1.8903614457831326
1.032530120481928
1.2831325301204817
2.8433734939759034
1.616867469879518
0.8433734939759034
1.7650602409638554
0.5734939759036144
0.6481927710843374
2.3506024096385545
0.5771084337349397
-0.9795180722891567
0.0951807228915662
1.319277108433735
0.6457831325301204
0.4783132530120484
-1.5999999999999999
-5.920481927710844
-8.289156626506024
-9.860240963855421
-9.29277108433735
-9.021686746987951
-7.9963855421686745
-6.925301204819277
-8.74578313253012
-7.53012048192771
-9.810843373493977
-10.820481927710844
-13.449397590361446
-14.116867469879518
-15.013253012048192
-16.266265060240965
-16.41566265060241
-15.442168674698795
-13.242168674698796
-8.212048192771084
-7.018072289156626
-6.243373493975904
-9.804819277108434
-7.03855421686747
-8.589156626506025
-7.1963855421686755
-6.0602409638554215
-5.0204819277108435
-5.875903614457831
-0.0819277108433738
-0.23975903614457827
3.8686746987951803
3.193975903614457
1.8168674698795186
-0.06144578313253035
0.35903614457831345
-1.9361445783132538
-5.525301204819277
-5.304819277108433
-6.154216867469879
-7.197590361445784
-6.893975903614458
-6.934939759036143
-6.298795180722892
-3.80722891566265
-2.9240963855421684
-2.969879518072289
-2.783132530120481
-4.037349397590361
-3.5192771084337338
-2.01566265060241
-2.9951807228915674
-0.9373493975903617
-0.6554216867469869
0.7891566265060241
0.09397590361445829
-0.72409638554217
-0.20843373493975825
0.24698795180722932
0.9228915662650596
0.9469879518072286
-1.5927710843373486
-1.0614457831325286
-1.3650602409638566
-3.1072289156626507
-3.94578313253012
-6.227710843373496
-6.086746987951807
-4.8096385542168685
-2.112048192771084
-1.742168674698794
-0.790361445783132
-1.6325301204819276
-1.298795180722891
0.1096385542168683
-0.4048192771084338
-0.814457831325301
-3.032530120481928
-4.240963855421687
-3.863855421686747
-2.9722891566265073
-5.820481927710842
-2.2120481927710856
-0.9746987951807231
-1.13012048192771
-1.8096385542168676
-1.6385542168674707
-1.6819277108433734
-3.290361445783132
-1.7831325301204828
-0.34096385542168584
-3.934939759036146
-2.1385542168674707
-0.19518072289156585
0.8722891566265076
1.1036144578313252
1.8783132530120472
2.5096385542168687
2.803614457831328
1.806024096385542
1.063855421686748
-1.273493975903616
0.9289156626506045
-1.1939759036144562
-0.508433734939759
0.06987951807229109
1.0746987951807228
-0.45421686746987966
-1.315662650602409
-1.0180722891566258
-3.6240963855421686
-3.5337349397590394
-0.5289156626506042
-0.8108433734939773
-1.8192771084337362
-1.1240963855421668
0.9072289156626532
1.868674698795182
2.230120481927713
1.4457831325301207
0.11325301204819027
-0.26506024096385516
0.992771084337349
0.6036144578313234
0.9614457831325325
0.19036144578312886
0.6927710843373482
0.653012048192771
-4.5590361445783145
-3.4072289156626496
-4.597590361445786
-5.889156626506024
-3.0108433734939766
-1.273493975903616
-0.8144578313252993
-1.072289156626507
-2.919277108433736
-4.0228915662650575
-3.156626506024093
-1.6746987951807242
-1.1012048192771076
-2.283132530120483
-3.7554216867469847
-4.601204819277111
-4.371084337349398
-4.048192771084338
-3.7361445783132545
-2.8554216867469897
-2.478313253012047
-1.1975903614457835
-1.514457831325302
-2.64578313253012
-4.398795180722892
-2.349397590361445
-2.7240963855421683
-1.632530120481924
0.07469879518072275
1.3108433734939737
2.150602409638555
1.0819277108433738
-0.36144578313253106
-2.096385542168676
-1.2204819277108392
-0.9048192771084338
-2.6168674698795193
-3.6048192771084366
-3.8120481927710834
-3.0855421686746993
-2.327710843373495
-2.619277108433735
-4.359036144578312
-4.408433734939759
-4.445783132530121
-3.1542168674698807
-1.5903614457831345
0.18433734939759105
-0.465060240963858
-1.5204819277108435
-0.8626506024096372
-1.7277108433734938
-1.1843373493975875
-1.5108433734939766
-2.8987951807228924
-2.3963855421686766
-2.153012048192771
-3.691566265060242
-4.922891566265061
-3.118072289156629
-2.059036144578311
0.5144578313253021
0.8698795180722882
1.4566265060240973
-0.22168674698795243
0.0
-1.5710843373493972
-1.2373493975903607
-1.1578313253012027
-1.8349397590361427
-0.9903614457831331
-0.6734939759036145
-0.33253012048192687
0.31566265060240895
0.32891566265060135
-2.6084337349397586
-3.0
-3.3602409638554214
-3.0132530120481924
-1.2783132530120476
0.3530120481927703
0.6554216867469904
-0.5759036144578324
-2.4361445783132503
-2.7144578313253014
-1.8012048192771068
-0.9746987951807213
-1.337349397590362
-1.6228915662650572
-1.573493975903613
-1.6867469879518069
-1.3915662650602378
-1.0469879518072283
-0.21445783132530138
-0.12891566265060206
1.1746987951807242
1.4433734939759049
3.121686746987951
2.325301204819276
-0.38433734939759034
-0.5783132530120447
0.38313253012048065
1.6204819277108413
0.597590361445782
-1.1771084337349365
-1.3204819277108406
-1.1795180722891594
0.9975903614457842
1.4638554216867448
0.9855421686746979
0.878313253012049
0.009638554216870432
-0.4457831325301189
0.11445783132530174
1.0843373493975896
2.0204819277108417
0.925301204819279
1.030120481927712
1.7313253012048193
-1.0939759036144583
-2.8289156626506013
-4.137349397590359
-4.080722891566264
-4.99879518072289
-4.750602409638557
-4.467469879518072
-3.6650602409638555
-2.691566265060242
-2.216867469879519
-2.2518072289156628
-1.8590361445783135
-1.862650602409639
-1.477108433734939
0.6096385542168665
0.991566265060241
0.63012048192771
0.39879518072289244
0.11084337349397622
-0.3759036144578314
-1.1554216867469869
-1.9397590361445793
-5.439759036144579
-5.018072289156626
-3.0433734939759036
-4.0036144578313255
-4.332530120481929
-2.716867469879518
-2.155421686746987
-3.4686746987951818
-5.048192771084337
-4.16024096385542
-3.065060240963856
-2.0530120481927714
-2.313253012048193
-2.936144578313254
-2.997590361445784
-1.4373493975903608
-0.7578313253012059
0.6554216867469886
1.686746987951806
2.3915662650602423
-0.13855421686746983
-1.5855421686746984
-1.0216867469879514
-2.4144578313253016
-1.716867469879518
-3.154216867469879
-3.5
-3.646987951807229
-3.533734939759036
-4.619277108433734
-2.326506024096385
-0.4867469879518076
-0.4253012048192768
-0.359036144578313
-1.1
-2.375903614457831
-3.0108433734939757
-2.095180722891566
0.34698795180722897
0.6493975903614455
1.4048192771084334
0.7554216867469878
0.7120481927710842
0.754216867469879
0.3457831325301206
0.5722891566265065
0.22771084337349423
0.8144578313253015
0.07108433734939723
2.5698795180722893
1.9987951807228912
2.662650602409638
1.2891566265060244
0.7638554216867472
0.6373493975903619
0.3614457831325302
-0.3313253012048192
-0.5987951807228913
-3.273493975903614
-4.521686746987951
-4.548192771084338
-4.242168674698795
-3.9481927710843374
-3.1313253012048197
-2.0987951807228917
-0.8373493975903614
