-0.263855421686747
0.06265060240963871
0.2650602409638554
-1.6783132530120484
-0.4084337349397591
0.7000000000000001
2.9012048192771087
0.6759036144578313
-1.23855421686747
-0.6048192771084338
1.5771084337349397
-1.563855421686747
-2.0506024096385542
-2.410843373493976
-1.6096385542168676
-2.3674698795180724
-1.8168674698795182
-2.056626506024096
-2.0831325301204817
-2.3566265060240967
-1.7349397590361446
-3.226506024096386
-1.1518072289156627
0.1506024096385541
-0.6228915662650604
-0.8795180722891567
0.0951807228915662
0.419277108433735
-0.7542168674698795
-1.5216867469879516
-0.19999999999999996
1.1795180722891567
2.1108433734939753
2.2397590361445787
3.207228915662651
4.478313253012049
3.403614457831325
3.574698795180723
3.25421686746988
4.369879518072289
1.6891566265060236
1.579518072289157
0.5506024096385542
0.883132530120482
2.3867469879518075
2.333734939759036
1.6843373493975902
1.6578313253012045
0.5578313253012048
0.8879518072289163
-1.818072289156626
0.4566265060240968
-2.004819277108434
-1.7385542168674704
-0.4891566265060239
0.8036144578313245
2.2397590361445783
2.579518072289156
0.8240963855421688
-1.7819277108433735
-3.139759036144578
-3.931325301204819
-2.306024096385542
-0.8831325301204815
1.33855421686747
2.1590361445783133
1.5638554216867462
3.474698795180723
1.1951807228915667
0.4457831325301207
-0.09759036144578381
-0.0939759036144574
0.1650602409638564
0.5012048192771079
2.0927710843373504
2.3759036144578314
2.530120481927712
2.41686746987952
2.862650602409639
3.780722891566265
2.98433734939759
2.5048192771084317
1.862650602409639
0.9445783132530128
2.1891566265060245
1.3939759036144572
0.975903614457831
1.7915662650602417
0.34698795180722897
-0.8771084337349393
-0.8530120481927721
-0.6927710843373482
-1.0614457831325286
0.23493975903614306
2.8927710843373493
2.35421686746988
2.172289156626505
-3.0867469879518072
-2.709638554216868
-1.7120481927710838
-0.9421686746987952
-2.3903614457831317
-4.632530120481928
-4.698795180722891
-3.9903614457831322
-4.204819277108434
-1.7144578313253014
0.6674698795180714
1.1590361445783124
1.0361445783132535
0.5277108433734927
-0.42048192771084203
-0.5120481927710845
1.025301204819277
0.46987951807228967
0.6903614457831324
0.3614457831325293
0.9180722891566262
0.3096385542168676
1.2168674698795172
-0.0409638554216869
-0.8349397590361463
-1.038554216867471
-0.6951807228915658
-1.227710843373492
-4.9963855421686745
-7.221686746987952
-7.090361445783133
-5.596385542168674
-3.893975903614459
-2.2361445783132528
-1.5734939759036166
-0.6710843373493969
-0.19397590361445616
1.29156626506024
0.5698795180722911
-2.0253012048192787
0.045783132530118564
-1.1156626506024079
-1.0180722891566258
-0.22409638554216826
-2.3337349397590383
-2.7289156626506035
-3.8108433734939773
-3.2192771084337366
-4.824096385542168
-6.8927710843373475
-6.331325301204819
-5.369879518072288
-4.754216867469879
-3.6867469879518087
-2.565060240963856
-1.3072289156626482
-3.4963855421686763
-1.638554216867469
-1.0096385542168704
-1.3072289156626518
-1.0469879518072283
-1.7590361445783138
-1.507228915662651
-1.1975903614457835
-1.1891566265060227
-3.110843373493978
0.7265060240963841
1.6855421686747007
1.427710843373493
-0.6192771084337352
-1.5228915662650593
-1.0566265060240951
-0.17469879518072418
0.7987951807228946
0.7168674698795172
-0.955421686746984
-0.5012048192771097
-1.0710843373493972
-2.2481927710843372
-3.3361445783132524
-4.055421686746989
-2.5783132530120447
-0.2975903614457813
1.7855421686746986
1.85421686746988
1.5012048192771097
2.950602409638556
2.0759036144578324
3.167469879518073
4.174698795180721
4.810843373493974
4.550602409638554
2.581927710843374
-1.2614457831325332
-2.796385542168675
-1.2204819277108392
-0.8048192771084359
-0.9168674698795165
-3.504819277108435
-3.612048192771084
-3.5855421686746993
-3.727710843373494
-4.519277108433734
-4.0590361445783145
-4.408433734939759
-3.8457831325301193
-3.0542168674698793
-2.8903614457831317
-2.415662650602407
-2.065060240963856
-2.0204819277108435
-3.662650602409638
-4.627710843373492
-3.8843373493975903
-2.610843373493978
-2.0987951807228917
-1.096385542168676
-0.8530120481927739
-1.191566265060242
-0.022891566265059282
-0.2180722891566269
-0.05903614457831097
0.3144578313253028
0.7698795180722904
1.256626506024098
0.6783132530120461
0.5
1.0289156626506006
-1.7373493975903607
-2.857831325301202
-3.1349397590361434
-2.990361445783133
-3.973493975903615
-4.032530120481926
-3.184337349397591
-2.1710843373493987
-1.0084337349397607
-3.6999999999999993
-2.960240963855423
-3.313253012048193
-1.4783132530120469
-3.0469879518072283
-3.244578313253008
-3.875903614457833
-3.9361445783132503
-3.2144578313253014
-2.501204819277106
-2.274698795180722
-3.43734939759036
-2.7228915662650586
-3.073493975903613
-1.6867469879518069
-0.9915662650602393
0.15301204819277103
0.9855421686746979
0.6710843373493987
-0.3253012048192758
0.14337349397590415
-1.7783132530120511
-3.3746987951807252
-4.48433734939759
-4.978313253012047
-3.8168674698795186
-1.879518072289157
-0.902409638554218
-0.17710843373493645
1.47951807228916
1.920481927710842
2.0975903614457856
2.863855421686747
3.3855421686747
0.1783132530120497
0.7096385542168697
0.05421686746988286
0.014457831325302095
0.6843373493975875
-6.079518072289158
-4.774698795180722
-4.069879518072289
-3.168674698795181
-2.893975903614459
-3.928915662650601
-3.3373493975903603
-0.7807228915662652
0.9012048192771083
1.7493975903614434
1.3325301204819269
2.634939759036145
1.808433734939758
2.1831325301204796
1.7481927710843372
2.240963855421686
2.4373493975903617
1.4228915662650596
2.8096385542168676
1.8915662650602414
0.4301204819277107
0.19879518072289137
-1.1891566265060245
-2.0759036144578307
-2.355421686746986
-2.1397590361445786
-1.3397590361445797
-0.4180722891566262
-0.4433734939759031
-0.30361445783132446
-0.33253012048192865
-0.8168674698795186
1.0445783132530124
1.5313253012048182
1.6518072289156631
2.1397590361445804
3.234939759036143
2.2469879518072293
1.1867469879518069
0.5638554216867462
2.1024096385542155
1.2626506024096384
0.34216867469879375
0.6554216867469886
1.186746987951806
1.991566265060242
1.2614457831325296
0.21445783132530227
0.27831325301204846
0.4855421686746988
-0.8168674698795186
-0.9542168674698788
-2.5
-0.34698795180722897
0.5662650602409638
-1.0192771084337346
-1.0265060240963853
0.21325301204819258
0.9746987951807231
0.44096385542168726
-0.20000000000000018
-4.075903614457831
-4.8108433734939755
-3.6951807228915663
-1.553012048192771
-2.6506024096385543
-2.395180722891566
-1.2445783132530124
-0.3879518072289154
-0.5457831325301208
0.24578313253012052
1.472289156626506
4.0277108433734945
5.414457831325301
3.7710843373493974
2.869879518072289
2.798795180722892
-0.13734939759036147
-1.2108433734939759
-1.736144578313253
-2.0626506024096383
-3.5385542168674697
-3.9313253012048195
-3.1987951807228914
-1.5734939759036144
0.278313253012048
-1.1481927710843376
-0.9421686746987951
-0.4481927710843373
-1.1313253012048194
-0.6987951807228916
-1.4373493975903613
