-2.463855421686747
-1.9373493975903613
-1.2349397590361446
-0.5783132530120483
-0.4084337349397591
-0.20000000000000007
1.4012048192771087
1.8759036144578314
-0.5385542168674698
-0.5048192771084337
-0.6228915662650604
-0.263855421686747
-0.050602409638554224
-0.11084337349397588
1.0903614457831323
0.5325301204819279
-0.01686746987951815
-0.15662650602409633
-0.38313253012048193
0.8433734939759034
-0.5349397590361447
-2.8265060240963855
-1.4518072289156627
-2.3493975903614457
-2.7228915662650603
-2.4795180722891565
-1.4048192771084338
-2.180722891566265
-1.9542168674698794
-0.5216867469879516
-0.5
-0.3204819277108435
-0.28915662650602414
-0.6602409638554216
-0.8927710843373493
0.07831325301204828
1.003614457831325
0.7746987951807229
2.1542168674698794
4.669879518072289
5.289156626506023
5.179518072289157
6.150602409638554
6.883132530120482
6.986746987951808
6.133734939759037
5.68433734939759
6.657831325301205
1.757831325301205
-2.812048192771084
-4.8180722891566266
-1.8433734939759034
-0.20481927710843362
-1.7385542168674704
-0.9891566265060239
-0.6963855421686751
1.8397590361445788
-1.6204819277108435
-1.375903614457831
-2.4819277108433737
-2.3397590361445784
0.46867469879518087
0.0939759036144574
-0.7831325301204819
-0.16144578313253
-0.8409638554216867
-2.6361445783132536
-5.825301204819277
-6.604819277108433
-8.85421686746988
-7.597590361445784
-11.393975903614457
-8.034939759036144
-5.198795180722891
-4.007228915662649
-5.124096385542169
-4.969879518072289
-4.48313253012048
-2.637349397590361
-4.019277108433734
-5.31566265060241
-6.695180722891568
-5.537349397590361
-5.2554216867469865
-3.710843373493976
-3.0060240963855422
-0.22409638554217004
0.29156626506024175
1.1469879518072297
0.9228915662650596
-0.8530120481927721
-3.3927710843373493
-3.2614457831325296
-1.3650602409638566
-1.9072289156626514
-3.3457831325301193
-1.8277108433734952
-3.7867469879518065
-4.409638554216868
-4.812048192771083
-8.042168674698795
-8.290361445783132
-6.432530120481927
-4.898795180722891
-3.290361445783132
-4.304819277108434
-3.2144578313253014
-5.732530120481929
-4.540963855421687
-1.7638554216867455
-0.772289156626508
-1.7204819277108427
-2.5120481927710845
-2.974698795180723
-1.63012048192771
-0.7096385542168662
-0.6385542168674707
-1.1819277108433734
-0.790361445783132
-0.8831325301204824
-0.6409638554216865
0.46506024096385445
1.0614457831325286
1.5048192771084352
0.9722891566265073
1.1036144578313252
1.3783132530120472
3.1096385542168665
3.403614457831326
3.306024096385542
3.363855421686745
3.8265060240963837
4.628915662650604
4.506024096385545
1.3915662650602414
-2.0301204819277103
-0.5253012048192787
-0.35421686746988
1.3843373493975903
2.581927710843374
3.1759036144578303
1.1662650602409599
0.7710843373493965
0.18915662650602272
0.2807228915662634
1.6759036144578303
0.8072289156626518
0.3686746987951821
-0.16987951807228896
-0.85421686746988
-0.8867469879518097
0.7349397590361448
1.992771084337349
1.8036144578313227
1.4614457831325325
0.9903614457831296
1.492771084337349
1.2530120481927725
1.1409638554216848
2.492771084337349
-1.8975903614457863
-3.089156626506025
-2.210843373493976
-3.273493975903616
-2.6144578313253
-1.972289156626509
-1.5192771084337373
-0.7228915662650586
0.043373493975906285
0.22530120481927796
-1.3012048192771068
-1.483132530120482
-2.855421686746986
-2.601204819277111
-4.871084337349398
-3.148192771084336
-4.7361445783132545
-6.35542168674699
-3.678313253012046
-2.8975903614457827
-3.814457831325303
-2.4457831325301207
-2.8987951807228924
-4.549397590361444
-5.124096385542167
-3.9325301204819247
-2.9253012048192772
-2.3891566265060256
-1.249397590361447
-1.018072289156624
-0.9614457831325325
-0.2963855421686752
-0.2204819277108392
0.2951807228915655
0.8831325301204807
2.195180722891564
1.6879518072289166
0.7144578313253014
0.2722891566265062
0.08072289156626411
0.3409638554216876
0.29156626506023997
-2.045783132530122
-3.1542168674698807
-1.9903614457831331
-2.7156626506024075
-2.1650602409638573
-0.8204819277108442
0.23734939759036422
1.4722891566265055
2.8156626506024125
4.189156626506023
5.101204819277108
5.0036144578313255
2.346987951807229
-2.3915662650602414
-2.222891566265062
-1.9180722891566262
-1.959036144578313
-1.5855421686746993
-0.7301204819277096
0.9566265060240973
1.9783132530120469
0.6000000000000014
-0.47108433734939936
-0.13734939759035925
1.142168674698798
1.6650602409638573
1.909638554216869
1.3265060240963855
1.4674698795180738
-1.7843373493975925
-2.7710843373493965
-4.408433734939759
-4.199999999999999
-2.5602409638554207
-2.0132530120481924
-1.878313253012049
-2.0469879518072283
-1.1445783132530103
1.3240963855421697
3.1638554216867476
3.1855421686747007
0.39879518072289244
0.025301204819278666
0.36265060240964075
0.4771084337349407
-0.07349397590361306
-0.4867469879518076
0.20843373493976003
1.2530120481927725
1.8855421686747
1.371084337349398
0.17469879518072418
-0.056626506024095136
-0.1783132530120497
0.025301204819275114
0.815662650602409
1.5216867469879531
1.6831325301204814
1.6204819277108413
1.4975903614457842
2.222891566265062
2.279518072289161
1.52048192771084
0.09759036144578559
-0.8361445783132524
0.4855421686746979
1.878313253012049
0.7096385542168697
-1.1457831325301182
-1.0855421686746975
-0.41566265060241037
1.220481927710841
1.3253012048192776
1.2301204819277114
1.631325301204818
0.9060240963855417
0.571084337349399
-0.13734939759035925
1.919277108433736
1.5012048192771097
2.849397590361445
2.8325301204819286
2.0349397590361438
-0.09156626506024246
-1.216867469879519
1.9481927710843383
2.040963855421687
-1.362650602409639
-1.477108433734939
-3.290361445783132
-3.70843373493976
-1.9698795180722897
-3.3012048192771086
-3.089156626506023
-3.0759036144578307
-1.9554216867469876
-1.539759036144579
-1.73975903614458
-0.31807228915662655
-1.0433734939759027
-2.3036144578313253
-2.1325301204819285
-1.016867469879518
-1.855421686746987
-2.0686746987951814
-2.548192771084337
-1.8602409638554205
0.23493975903614306
-0.45301204819277174
-1.4132530120481936
-0.23614457831325364
-0.39759036144578364
0.9626506024096395
0.7421686746987941
2.4554216867469876
1.886746987951807
1.1915662650602412
0.4614457831325298
1.9144578313253016
2.4783132530120486
0.685542168674699
0.4831325301204821
1.0457831325301212
3.500000000000001
3.0530120481927705
3.966265060240964
3.580722891566265
4.973493975903615
3.4132530120481928
2.0746987951807236
1.9409638554216873
2.7
1.3240963855421688
0.18915662650602405
-1.9951807228915661
-3.853012048192771
-4.650602409638554
-4.395180722891566
-4.444578313253013
-4.4879518072289155
-5.345783132530121
-3.0542168674698797
-2.6277108433734937
-0.8722891566265059
-0.8855421686746987
0.5710843373493972
-0.730120481927711
2.798795180722892
3.7626506024096384
3.589156626506024
3.563855421686747
5.137349397590362
5.66144578313253
4.96867469879518
4.101204819277109
3.826506024096386
2.078313253012048
1.2518072289156623
-0.542168674698795
1.1518072289156627
3.0686746987951805
2.6012048192771084
3.662650602409639
