3.836144578313253
4.862650602409639
3.565060240963856
3.0216867469879514
0.4915662650602408
0.0
0.7012048192771084
-0.32409638554216874
-0.4385542168674698
-0.10481927710843375
0.5771084337349397
2.336144578313253
0.3493975903614457
-0.11084337349397588
1.0903614457831323
-1.0674698795180722
-0.41686746987951817
1.5433734939759038
2.5168674698795184
1.4433734939759033
1.4650602409638556
1.9734939759036145
1.5481927710843375
0.35060240963855427
0.4771084337349396
1.6204819277108433
3.995180722891566
2.5192771084337346
-1.1542168674698794
-3.9216867469879517
-3.4
-3.7204819277108436
-2.4891566265060243
-2.5602409638554215
-1.2927710843373494
0.17831325301204837
0.903614457831325
0.17469879518072284
1.8542168674698796
2.4698795180722897
1.7891566265060241
0.8795180722891569
-0.2493975903614456
1.7831325301204823
0.9867469879518072
-1.3662650602409638
-1.8156626506024098
2.257831325301205
0.8578313253012047
0.48795180722891596
1.181927710843374
1.7566265060240966
-1.604819277108434
-2.6385542168674703
-4.289156626506024
-4.896385542168675
-3.9602409638554215
-3.2204819277108436
-3.175903614457831
-1.2819277108433735
-3.3397590361445784
-1.5313253012048191
-2.406024096385542
-1.483132530120482
-1.9614457831325303
-2.2409638554216866
-3.3361445783132537
-3.9253012048192764
-4.504819277108433
-2.854216867469879
-2.297590361445784
-2.393975903614458
-5.034939759036144
-6.798795180722892
-6.10722891566265
-7.824096385542168
-7.969879518072289
-7.583132530120481
-7.337349397590361
-6.019277108433734
-5.9156626506024095
-4.695180722891568
-3.9373493975903617
-4.555421686746987
-3.8108433734939764
-4.406024096385542
-2.1240963855421695
-1.8084337349397588
-0.9530120481927717
1.6228915662650607
0.6469879518072279
-0.19277108433734824
-2.7614457831325296
-2.8650602409638566
-2.007228915662651
-2.5457831325301203
-1.627710843373496
-1.7867469879518065
-1.909638554216869
-2.5120481927710827
-3.8421686746987946
-2.590361445783131
-0.13253012048192758
-5.798795180722891
-6.690361445783132
-5.204819277108434
-5.0144578313253
-1.9325301204819283
-0.5409638554216869
0.6361445783132531
2.427710843373493
3.379518072289157
3.1879518072289166
2.725301204819278
3.36987951807229
3.6903614457831324
3.5614457831325304
2.3180722891566266
-1.290361445783132
-3.283132530120483
-4.940963855421687
-3.8349397590361463
-1.6385542168674707
-0.39518072289156514
-1.1277108433734924
0.6036144578313252
2.0783132530120465
3.0096385542168687
1.803614457831328
1.306024096385542
-1.8361445783132542
-2.5734939759036166
-4.671084337349397
-3.193975903614456
-2.508433734939759
-1.9301204819277107
-2.225301204819278
-1.1542168674698807
-3.315662650602409
-2.018072289156626
-4.624096385542169
-2.0337349397590394
-0.02891566265060419
-0.010843373493976571
-3.0192771084337355
-3.6240963855421686
-4.092771084337349
-2.7313253012048193
-1.7698795180722868
-1.1542168674698772
-0.2867469879518083
-2.1650602409638555
-5.107228915662649
-5.6963855421686755
-5.238554216867469
-4.409638554216869
-4.307228915662652
-4.7469879518072275
-5.659036144578314
-4.80722891566265
-4.797590361445785
-2.789156626506024
-2.910843373493975
-2.8734939759036138
-0.8144578313252993
-0.7722891566265062
0.2807228915662634
1.5771084337349421
2.0433734939759063
2.325301204819276
0.5987951807228917
0.11686746987951935
1.7445783132530153
2.898795180722889
4.128915662650602
2.7518072289156628
-0.9361445783132538
-0.7554216867469918
-3.7783132530120476
-3.097590361445782
-3.814457831325303
-4.945783132530121
-4.49879518072289
-2.449397590361446
-2.2240963855421683
-7.032530120481926
-6.225301204819278
-5.289156626506028
-3.349397590361445
-1.4180722891566262
0.2385542168674668
1.8036144578313227
1.3795180722891587
0.4951807228915648
-0.4168674698795165
0.0951807228915662
-1.9120481927710848
-1.485542168674698
-2.1277108433734924
-2.8192771084337345
-0.6590361445783124
0.6915662650602385
1.1542168674698807
0.24578313253011785
1.8096385542168676
2.184337349397591
3.434939759036144
4.179518072289156
2.4373493975903635
-1.2277108433734938
-1.6843373493975875
-0.7108433734939794
0.10120481927710756
1.403614457831324
1.4469879518072268
1.808433734939758
1.4771084337349407
1.6819277108433717
1.540963855421687
0.21445783132530138
-0.830120481927711
0.05662650602409869
1.2783132530120476
2.6999999999999993
4.328915662650601
5.262650602409639
4.842168674698797
2.2650602409638587
0.5096385542168669
1.726506024096384
1.1674698795180731
1.815662650602409
1.628915662650602
0.79156626506024
1.6000000000000014
2.039759036144577
2.8867469879518097
2.521686746987953
4.153012048192771
4.755421686746992
5.9240963855421676
4.863855421686747
5.3855421686747
5.398795180722892
5.025301204819279
5.06265060240964
4.777108433734941
2.926506024096387
3.613253012048194
5.108433734939762
4.153012048192771
2.0855421686746993
2.4710843373493994
4.074698795180723
5.343373493975903
6.221686746987949
1.7253012048192744
0.6156626506024097
1.0216867469879531
0.9831325301204821
-2.579518072289158
-3.902409638554218
-3.777108433734938
-3.1204819277108413
-2.8795180722891587
-2.3024096385542165
-1.4361445783132538
-2.4144578313253007
-2.721686746987949
-3.6903614457831306
-2.445783132530119
-0.5855421686746975
-1.215662650602411
0.020481927710841674
1.025301204819277
1.4301204819277107
2.3313253012048207
3.3060240963855403
3.4710843373493976
2.362650602409639
1.3192771084337345
1.4012048192771083
0.44939759036144444
-0.3674698795180724
-0.6650602409638555
0.3084337349397579
0.1831325301204796
0.9481927710843383
1.2409638554216862
-0.1626506024096379
-0.9771084337349389
-0.8903614457831335
-0.3084337349397597
0.4301204819277107
-0.10120481927710756
-1.4891566265060234
-1.7759036144578317
-1.5554216867469872
-0.3397590361445779
-1.23975903614458
1.4819277108433742
-1.5433734939759027
-1.5036144578313255
-1.8325301204819286
-1.6168674698795176
-1.6554216867469869
-0.8686746987951821
-1.3481927710843369
0.73975903614458
2.734939759036143
3.846987951807229
5.586746987951807
2.4638554216867465
2.202409638554217
0.5626506024096392
1.0421686746987948
1.2554216867469883
-0.013253012048193291
1.5915662650602416
-0.33855421686747
-3.785542168674698
-3.7216867469879515
-3.6144578313253013
-4.716867469879518
-6.054216867469879
-3.9
-5.846987951807229
-7.233734939759036
-5.619277108433734
-3.726506024096385
-3.5867469879518072
-1.9253012048192768
-3.5590361445783127
-3.2
-3.6759036144578308
-1.910843373493976
-3.7951807228915664
-4.753012048192771
-4.650602409638554
-3.1951807228915663
-2.8445783132530122
-2.787951807228916
-3.145783132530121
-2.2542168674698795
-1.8277108433734937
-1.072289156626506
0.6144578313253013
-0.42891566265060255
-2.4301204819277107
0.19879518072289137
0.5626506024096385
-2.5108433734939757
-1.436144578313253
-0.7626506024096382
-2.23855421686747
-3.6313253012048192
-4.698795180722891
-6.073493975903615
-6.921686746987952
-6.348192771084338
-6.1421686746987945
-4.748192771084337
-2.4313253012048195
-1.7987951807228915
-2.9373493975903617
