-1.863855421686747
-0.23734939759036133
-1.1349397590361445
-3.2783132530120485
-4.308433734939759
-3.6999999999999997
-1.8987951807228916
-1.0240963855421688
-0.7385542168674698
-0.3048192771084337
0.17710843373493956
0.736144578313253
1.649397590361446
2.1891566265060245
-0.10963855421686763
-0.4674698795180722
-0.3168674698795182
0.6433734939759037
1.116867469879518
-1.3566265060240965
-1.5349397590361447
-1.3265060240963855
-1.6518072289156627
-0.4493975903614458
-0.7228915662650603
-1.0795180722891566
-0.5048192771084339
-0.08072289156626522
1.0457831325301203
2.4783132530120477
3.1999999999999997
3.379518072289157
2.8108433734939755
-1.5602409638554215
-1.8927710843373493
-2.221686746987952
-1.2963855421686747
-1.025301204819277
-0.6457831325301204
-2.7301204819277105
-4.610843373493976
-2.5204819277108435
-2.6493975903614455
-2.116867469879518
-0.11325301204819249
0.6337349397590359
-2.31566265060241
-3.0421686746987953
-3.6421686746987953
-3.2120481927710838
-3.318072289156626
-2.5433734939759036
-2.904819277108434
-2.93855421686747
-3.489156626506024
-2.096385542168675
-2.6602409638554216
-1.0204819277108435
-2.075903614457831
-2.581927710843374
-3.139759036144578
-3.231325301204819
-6.306024096385542
-6.8831325301204815
-8.56144578313253
-6.6409638554216865
-5.636144578313254
-6.325301204819277
-5.104819277108433
-4.254216867469879
-4.297590361445784
-3.093975903614458
-0.6349397590361434
0.0012048192771079158
0.09277108433735037
-1.324096385542168
-0.16987951807228896
0.016867469879519703
1.0626506024096383
0.7807228915662652
1.7843373493975907
0.5048192771084317
1.0626506024096383
0.7445783132530135
-0.21084337349397586
2.0939759036144583
0.77590361445783
1.8915662650602414
2.346987951807229
0.1228915662650607
1.146987951807228
0.6072289156626507
1.33855421686747
0.6349397590361434
1.1927710843373482
0.35421686746988
0.4722891566265055
0.41325301204819276
0.790361445783132
2.2879518072289162
0.05783132530120483
0.5096385542168687
-1.1325301204819276
-1.8987951807228907
-1.8903614457831317
-0.7048192771084345
1.8855421686747
0.6674698795180714
-2.040963855421687
-4.663855421686746
-3.1722891566265083
-1.5204819277108417
-2.0120481927710845
-2.6746987951807224
-3.13012048192771
-2.1096385542168665
-2.4385542168674714
-4.281927710843373
-3.490361445783133
-2.683132530120483
-1.7409638554216862
-1.1349397590361452
-0.4385542168674714
0.004819277108435216
0.6722891566265083
0.003614457831325524
-0.6216867469879528
0.8096385542168676
1.303614457831328
1.7060240963855406
1.4638554216867465
0.7265060240963823
0.9289156626506045
1.9060240963855435
3.691566265060242
3.2698795180722904
2.3746987951807235
1.4457831325301207
-1.0156626506024082
-2.018072289156626
-2.9240963855421693
-3.133734939759039
-2.128915662650604
-1.3108433734939773
-0.5192771084337373
-0.3240963855421697
-3.492771084337349
-4.431325301204819
-3.0698795180722875
-3.154216867469879
-5.286746987951808
-5.265060240963855
-4.007228915662649
-4.796385542168675
-4.138554216867469
-2.5096385542168704
-2.3072289156626518
-3.0469879518072283
-4.859036144578315
-4.607228915662651
-4.097590361445786
-0.8891566265060256
-1.5108433734939766
-0.6734939759036145
-0.9144578313253007
-0.2722891566265062
-0.11927710843373518
-0.32289156626505644
-1.2566265060240944
-0.17469879518072418
1.3987951807228924
1.8168674698795186
0.9445783132530146
0.7987951807228875
2.3289156626506013
4.151807228915661
4.663855421686748
4.444578313253011
4.521686746987953
2.2024096385542187
2.3855421686747
2.85421686746988
1.9012048192771083
1.1506024096385552
-1.3240963855421661
-2.832530120481927
-5.325301204819279
-3.8891566265060256
-3.1493975903614455
-2.8180722891566248
-3.761445783132533
-2.6963855421686773
-0.920481927710842
0.19518072289156407
1.0831325301204835
1.695180722891564
-1.3120481927710834
-2.3855421686747
-1.0277108433734945
-0.9192771084337359
-2.959036144578313
-3.9084337349397593
-3.545783132530122
-2.4542168674698814
-1.2903614457831338
0.08433734939759319
-1.0650602409638559
-3.820481927710844
-2.9626506024096386
-1.8277108433734917
-1.284337349397589
-1.5108433734939766
-5.998795180722894
-4.796385542168675
-3.353012048192774
-2.4915662650602393
-1.32289156626506
0.38192771084337096
1.540963855421687
1.9144578313253007
1.2698795180722904
-0.04337349397590273
-1.7216867469879524
-1.3999999999999986
-1.371084337349398
-3.0373493975903614
-2.857831325301202
-3.434939759036144
-2.490361445783133
-2.473493975903615
-1.3325301204819269
-0.48433734939759177
-0.8710843373493979
-2.5084337349397607
-3.6000000000000014
-4.860240963855421
-2.6132530120481903
-3.378313253012049
-4.64698795180723
-2.744578313253008
-1.7759036144578317
-1.8361445783132524
-3.2144578313253014
-3.9012048192771065
-3.1746987951807206
-4.037349397590361
-4.622891566265059
-3.973493975903615
-3.7867469879518065
-3.29156626506024
-2.7469879518072275
-1.8144578313253028
-1.5289156626506006
-3.525301204819277
-5.156626506024097
-5.878313253012051
-3.174698795180724
-1.8843373493975903
-1.1783132530120461
-0.7168674698795208
0.02048192771084345
0.597590361445782
-3.077108433734937
-3.02048192771084
-3.279518072289159
-2.6024096385542155
-0.7361445783132545
-1.314457831325301
-0.5216867469879496
-2.4903614457831296
-2.5457831325301186
-3.985542168674698
-1.3156626506024107
-0.3795180722891569
0.22530120481927796
-1.169879518072289
-1.2686746987951807
-1.2939759036144594
-0.7289156626506017
-0.2373493975903589
-0.2807228915662652
-0.19879518072289137
0.24939759036144338
-1.2674698795180728
-1.4650602409638562
-0.49156626506024104
-2.1168674698795193
-2.5518072289156617
-1.1590361445783142
-0.06265060240963827
-0.5771084337349404
-0.5903614457831328
-1.3084337349397597
-2.0698795180722893
-3.3012048192771086
-3.589156626506024
-4.275903614457832
-3.9554216867469867
-4.139759036144579
-1.6397590361445804
-0.7180722891566251
0.35662650602409585
0.39638554216867483
0.6674698795180714
1.283132530120481
1.8445783132530131
1.4313253012048186
1.451807228915662
2.23975903614458
1.5349397590361438
2.9469879518072286
3.986746987951806
2.9638554216867465
2.1024096385542155
-0.5373493975903614
-1.1578313253012054
-1.0445783132530115
-2.2132530120481935
-4.208433734939758
-4.638554216867471
-3.785542168674698
-2.8216867469879516
-2.8144578313253015
-1.016867469879518
0.845783132530121
-0.7999999999999998
-1.6469879518072288
-5.533734939759036
-5.019277108433735
-3.726506024096385
-3.1867469879518073
-2.025301204819277
-3.859036144578313
-1.1
-5.375903614457831
-5.3108433734939755
-3.395180722891566
-5.153012048192771
-2.6506024096385543
-0.5951807228915662
0.7554216867469878
2.4120481927710844
-0.4457831325301207
-3.0542168674698797
-2.5277108433734936
-1.972289156626506
-1.0855421686746987
0.4710843373493976
-1.1301204819277109
-1.8012048192771084
-1.1373493975903615
0.4891566265060241
1.7638554216867472
2.137349397590362
3.26144578313253
1.4686746987951809
-2.1987951807228914
-2.0734939759036144
-0.6216867469879519
-1.1481927710843376
-0.6421686746987951
-0.4481927710843373
0.06867469879518051
0.001204819277108471
-1.2373493975903616
