-2.363855421686747
-0.23734939759036133
-0.034939759036144435
-2.478313253012048
-3.9084337349397593
-3.0
-2.1987951807228914
-4.424096385542168
-4.33855421686747
-4.204819277108434
-4.122891566265061
-3.463855421686747
-1.4506024096385541
0.889156626506024
1.3903614457831326
-0.3674698795180722
-0.41686746987951817
-0.35662650602409635
0.8168674698795181
1.1433734939759035
1.4650602409638556
1.0734939759036146
0.5481927710843373
0.9506024096385544
0.37710843373493974
0.5204819277108432
2.295180722891566
1.1192771084337347
1.9457831325301207
2.2783132530120485
2.6999999999999997
2.379518072289157
2.210843373493976
1.6397590361445782
1.1072289156626507
1.378313253012048
1.1036144578313252
0.27469879518072293
-0.14578313253012043
-0.8301204819277106
-3.110843373493976
-4.120481927710843
-3.1493975903614455
-3.716867469879518
-4.013253012048192
-4.266265060240964
-3.2156626506024097
-2.8421686746987955
-3.3421686746987955
-4.612048192771084
-3.218072289156626
-2.3433734939759034
-0.10481927710843397
-2.43855421686747
-1.689156626506024
-2.196385542168675
-0.1602409638554212
0.9795180722891565
0.024096385542168974
2.918072289156626
2.960240963855421
2.8686746987951803
1.7939759036144576
1.9168674698795183
3.338554216867469
3.659036144578314
3.4638554216867457
3.5746987951807228
4.4951807228915674
4.645783132530122
2.702409638554216
2.306024096385543
1.1650602409638564
-0.39879518072289155
0.49277108433735073
0.6759036144578321
-1.2698795180722886
-0.5831325301204808
0.7626506024096393
-0.8192771084337345
0.98433734939759
1.8048192771084324
1.662650602409638
-0.8554216867469862
0.7891566265060241
1.8939759036144572
0.17590361445783032
-0.508433734939759
-3.453012048192771
-5.27710843373494
-5.753012048192772
-4.292771084337349
-3.661445783132529
-1.3650602409638566
-0.20722891566265034
-0.64578313253012
-3.2277108433734956
-2.5867469879518072
-1.1096385542168683
0.4879518072289173
-0.44216867469879517
-0.790361445783132
0.6674698795180731
2.701204819277109
2.709638554216868
2.4951807228915666
2.5855421686746993
2.8674698795180706
-0.0409638554216869
-2.163855421686746
-2.3722891566265076
-3.420481927710842
-3.412048192771085
-3.474698795180723
-5.93012048192771
-5.409638554216867
-4.23855421686747
-2.981927710843374
-1.0903614457831328
0.31686746987951686
-0.44096385542168726
-1.0349397590361455
-3.038554216867471
-3.2951807228915655
-3.5277108433734927
-2.596385542168674
-1.821686746987952
0.00963855421686688
0.4036144578313259
1.7060240963855406
0.8638554216867451
1.8265060240963837
1.8289156626506031
1.006024096385545
0.79156626506024
-1.13012048192771
-1.1253012048192783
-2.0542168674698793
-0.9156626506024086
-0.5180722891566258
0.17590361445783032
0.2662650602409613
-3.7289156626506035
-2.2108433734939776
-3.419277108433736
-0.524096385542169
0.007228915662651048
1.96867469879518
2.330120481927711
-0.5542168674698793
-1.1867469879518069
-0.1650602409638573
-1.107228915662649
-0.9963855421686745
-1.138554216867469
-0.20963855421686972
1.5927710843373468
1.153012048192771
-2.0590361445783145
-5.30722891566265
-3.3975903614457845
-4.389156626506024
-6.610843373493976
-5.573493975903615
-4.6144578313253
-4.272289156626508
-6.219277108433737
-3.3228915662650564
-2.9566265060240937
-2.5746987951807228
-2.301204819277107
-1.3831325301204807
-0.5554216867469854
0.7987951807228875
1.2289156626506
0.951807228915662
0.7638554216867455
0.24457831325300816
-1.4783132530120469
-0.8975903614457827
0.5855421686746993
1.6542168674698772
1.701204819277109
0.7506024096385531
0.5759036144578324
-0.13253012048192403
-0.9253012048192772
-3.589156626506025
-1.9493975903614462
-1.3180722891566248
-2.361445783132531
-1.2963855421686752
-0.3204819277108406
0.4951807228915648
0.9831325301204821
0.8951807228915634
1.2879518072289144
2.1144578313253
2.9722891566265055
3.6807228915662655
3.9409638554216855
2.1915662650602385
1.1542168674698807
1.5457831325301186
2.1096385542168683
-1.315662650602409
-2.1650602409638573
-2.7204819277108427
-2.162650602409638
-1.1277108433734924
0.015662650602411787
0.5891566265060213
1.4012048192771083
1.0036144578313255
0.5469879518072283
-0.79156626506024
-1.4228915662650614
-5.718072289156627
-4.459036144578313
-2.0855421686746993
-0.33012048192771104
-3.1433734939759006
-2.1216867469879546
-3.6999999999999993
-2.7710843373493965
-4.237349397590361
-2.757831325301204
-1.534939759036142
0.1096385542168683
-1.073493975903613
0.06746987951807171
-1.9843373493975918
-1.5710843373493972
-1.0084337349397607
-0.10000000000000142
-1.0602409638554207
-1.913253012048191
-1.2783132530120476
-0.34698795180722897
-0.444578313253011
-0.7759036144578317
-2.136144578313253
-0.7144578313253014
-0.40120481927710827
0.3253012048192794
0.26265060240963933
-2.5228915662650593
-2.6734939759036145
-1.1867469879518069
-1.5915662650602407
-2.9469879518072304
-3.514457831325302
-4.128915662650602
-4.525301204819277
-5.356626506024096
-4.67831325301205
-4.674698795180724
-4.48433734939759
-2.8783132530120454
-2.1168674698795193
-1.7795180722891573
-2.202409638554217
-1.6771084337349365
-0.5204819277108399
0.7204819277108392
-0.7024096385542151
-0.1361445783132531
0.8855421686747
1.5783132530120518
2.7096385542168697
3.4542168674698814
3.0144578313253003
3.0843373493975896
3.120481927710843
1.3253012048192776
1.3301204819277093
1.03132530120482
0.606024096385541
-1.8289156626506013
-0.8373493975903603
-0.18072289156626553
1.4012048192771083
2.1493975903614455
1.7325301204819272
0.6349397590361452
1.308433734939758
2.283132530120481
2.7481927710843372
4.540963855421687
4.237349397590362
5.022891566265061
0.6096385542168665
-0.9084337349397593
-1.7698795180722904
-1.6012048192771076
-0.8891566265060238
-1.175903614457832
-0.5554216867469872
-0.23975903614457827
-0.1397590361445804
0.18192771084337345
1.056626506024097
-2.5036144578313255
-1.9325301204819283
-0.5168674698795179
-1.855421686746987
-0.0686746987951814
-1.6481927710843376
0.73975903614458
-0.3650602409638566
-0.3530120481927721
0.3867469879518062
1.7638554216867472
0.0024096385542158316
-0.13734939759036102
-1.0578313253012057
-1.3445783132530114
-1.3132530120481931
0.8915662650602414
3.161445783132529
5.214457831325302
5.178313253012048
4.185542168674699
3.5831325301204817
0.845783132530121
-0.09999999999999964
-0.5469879518072291
-1.133734939759036
-0.8192771084337345
0.273493975903615
1.113253012048193
2.0746987951807236
-0.059036144578312744
0.7000000000000002
3.024096385542169
0.9891566265060239
0.20481927710843362
2.846987951807229
1.5493975903614459
1.704819277108434
1.8554216867469875
-2.4879518072289155
-5.145783132530121
-4.054216867469879
-2.9277108433734935
-3.1722891566265057
-3.0855421686746984
-3.1289156626506025
-3.730120481927711
-3.2012048192771085
-1.4373493975903615
-2.410843373493976
-2.636144578313253
-2.462650602409638
-4.23855421686747
-2.531325301204819
-0.8987951807228913
1.0265060240963857
1.0783132530120483
2.3518072289156624
2.657831325301205
-0.9481927710843373
-0.13132530120481944
-0.2987951807228916
-3.7373493975903616
