2.936144578313253
2.0626506024096387
2.765060240963855
1.3216867469879516
-0.10843373493975905
-0.9
-0.5987951807228915
0.5759036144578312
1.1614457831325302
2.995180722891566
0.3771084337349395
3.036144578313253
2.549397590361446
0.7891566265060241
1.1903614457831324
0.5325301204819279
-1.4168674698795183
-0.05662650602409636
1.216867469879518
1.8433734939759037
1.1650602409638553
1.2734939759036144
0.3481927710843373
-0.4493975903614458
-2.1228915662650603
-3.2795180722891564
-3.2048192771084336
-1.8807228915662653
-2.1542168674698794
-2.9216867469879517
-1.7999999999999998
-1.4204819277108434
-1.089156626506024
-1.5602409638554215
-1.4927710843373494
-1.0216867469879518
0.10361445783132517
0.5746987951807232
1.5542168674698797
2.4698795180722897
2.889156626506024
2.2795180722891564
2.6506024096385543
3.183132530120482
2.486746987951807
3.0337349397590363
0.8843373493975903
0.5578313253012048
1.8578313253012047
4.087951807228917
3.681927710843374
2.3566265060240963
1.895180722891566
1.2614457831325296
2.5108433734939757
2.703614457831325
3.539759036144578
3.379518072289157
2.9240963855421693
1.9180722891566262
0.36024096385542137
-0.4313253012048186
-0.9060240963855426
-0.4831325301204821
0.83855421686747
0.6590361445783133
2.063855421686746
0.6746987951807233
2.095180722891567
3.845783132530121
0.0024096385542158316
-4.393975903614457
-2.734939759036144
-0.39879518072289155
0.9927710843373507
0.8759036144578314
2.7301204819277114
2.1168674698795193
2.4626506024096386
2.1807228915662655
2.184337349397591
2.3048192771084324
3.0626506024096383
3.144578313253014
2.4891566265060234
2.193975903614458
0.975903614457831
0.8915662650602414
0.846987951807229
2.0228915662650593
1.346987951807229
3.1072289156626507
3.6385542168674707
2.734939759036143
1.7927710843373497
0.35421686746988
1.872289156626504
1.2132530120481935
-0.5096385542168687
-1.1120481927710841
-0.34216867469879375
-1.6903614457831324
0.46746987951807206
1.3012048192771086
0.9096385542168672
-2.304819277108434
-1.7144578313253014
-1.8325301204819286
-1.8409638554216876
-2.863855421686747
-1.072289156626507
-1.5204819277108417
-1.2120481927710856
-0.9746987951807231
-5.83012048192771
-5.1096385542168665
-3.4385542168674714
-2.481927710843374
-4.290361445783132
-1.983132530120482
-1.1409638554216865
-1.2349397590361448
-0.23855421686747036
-0.7951807228915655
-0.4277108433734931
-0.19638554216867377
-0.021686746987951366
-0.6903614457831324
-0.5963855421686741
-1.393975903614459
-0.6361445783132531
-3.773493975903616
-5.371084337349396
-4.293975903614456
-4.508433734939759
-4.930120481927711
-4.525301204819279
-4.554216867469879
-3.5156626506024082
-2.918072289156626
-2.8240963855421697
-2.2337349397590387
-1.2289156626506035
-0.4108433734939787
0.7807228915662634
1.1759036144578303
0.7072289156626503
-1.4313253012048186
-0.5698795180722875
0.2457831325301214
-0.38674698795180973
-1.4650602409638545
-3.107228915662649
-2.8963855421686766
-1.3385542168674682
-0.409638554216869
-1.8072289156626518
-0.44698795180722684
-0.35903614457831523
-1.8072289156626518
-2.0975903614457856
-3.289156626506024
-4.410843373493977
-4.1734939759036145
-4.414457831325299
-4.472289156626507
-3.919277108433736
-2.922891566265058
-2.656626506024093
-1.9746987951807249
-1.7012048192771054
-0.7831325301204828
-1.1554216867469869
-0.7012048192771125
-2.4710843373493994
-2.148192771084336
-0.3361445783132524
-1.8554216867469897
-1.2783132530120476
-0.9975903614457806
-1.8144578313253028
-2.64578313253012
-4.298795180722891
-3.749397590361447
-2.124096385542167
-2.2325301204819255
-2.1253012048192765
-0.7891566265060277
1.1506024096385552
2.081927710843374
-0.06144578313253035
-5.896385542168677
-4.820481927710841
-3.804819277108436
-3.4168674698795165
-3.1048192771084366
-2.412048192771085
-0.4855421686746979
0.1722891566265048
0.48072289156626624
-0.05903614457831452
-0.8084337349397615
0.6542168674698807
0.7457831325301179
-0.6903614457831324
-1.1156626506024097
-0.6650602409638573
-3.420481927710842
-5.162650602409638
-4.127710843373492
-5.08433734939759
-4.910843373493979
-5.198795180722893
-6.196385542168674
-4.7530120481927725
-3.191566265060242
-3.4228915662650614
-2.5180722891566276
-1.559036144578311
-1.5855421686746993
-0.9301204819277125
0.3566265060240994
1.7783132530120476
1.4000000000000021
1.7289156626506035
-0.03734939759036138
-1.9578313253012034
-2.434939759036144
-1.7903614457831338
-2.1734939759036145
-4.932530120481928
-5.184337349397591
-3.971084337349396
-3.1084337349397586
-6.0
-4.660240963855422
-3.7132530120481917
-2.978313253012047
-2.0469879518072283
-2.1445783132530103
-3.0759036144578324
-2.736144578313251
-2.8144578313252993
-1.9012048192771083
-3.5746987951807228
-4.637349397590361
-2.5228915662650593
-3.273493975903616
-1.8867469879518062
-2.4915662650602393
-1.6469879518072297
-1.014457831325302
-1.5289156626506006
-2.9253012048192772
-4.656626506024097
-5.97831325301205
-6.674698795180724
-7.38433734939759
-6.0783132530120465
-6.216867469879519
-6.179518072289158
-5.102409638554217
-5.277108433734938
-4.320481927710841
-3.97951807228916
-3.3024096385542165
-2.7361445783132545
-3.314457831325301
-6.02168674698795
-6.090361445783131
-4.845783132530119
-4.185542168674699
-3.1156626506024114
-3.1795180722891576
-3.8746987951807217
-3.169879518072289
-4.668674698795181
-5.993975903614459
-4.028915662650602
-2.8373493975903603
-1.9807228915662645
-1.9987951807228903
-2.8506024096385563
-2.3674698795180724
-1.2650602409638552
0.6084337349397586
0.9831325301204803
-0.3518072289156624
-1.3590361445783135
-2.2626506024096376
-2.0771084337349404
-2.990361445783133
-4.80843373493976
-4.36987951807229
-4.101204819277108
-1.2891566265060241
-1.975903614457831
-0.9554216867469876
-0.6397590361445786
0.5602409638554207
0.9819277108433742
-0.04337349397590273
0.7963855421686752
0.5674698795180717
0.38313253012048243
0.044578313253012425
0.2313253012048193
1.0518072289156635
0.3397590361445797
0.8349397590361445
0.9469879518072286
1.1867469879518069
1.6638554216867458
1.202409638554217
0.7626506024096384
-1.757831325301206
-1.2445783132530117
-0.21325301204819347
1.991566265060242
0.06144578313252946
0.21445783132530227
2.5783132530120483
-1.7144578313253014
-2.716867469879518
-2.954216867469879
-0.7999999999999998
0.5530120481927714
-1.233734939759036
-1.4192771084337341
-3.726506024096385
-4.386746987951807
-4.325301204819277
-2.459036144578313
-1.1
1.6240963855421695
2.189156626506024
3.804819277108434
4.846987951807229
4.849397590361446
1.5048192771084339
0.6554216867469878
1.512048192771084
2.9542168674698788
0.8457831325301206
0.3722891566265063
0.527710843373494
-0.7855421686746986
-2.0289156626506024
-1.8301204819277108
-0.7012048192771085
-2.1373493975903615
-1.5108433734939757
-0.6361445783132529
-0.4626506024096382
-1.1385542168674698
-2.431325301204819
-2.5987951807228913
-2.773493975903614
-1.0216867469879518
1.4518072289156625
2.257831325301205
3.051807228915663
0.1686746987951806
-0.9987951807228915
0.0626506024096386
