3.6361445783132527
4.7626506024096384
4.865060240963856
3.7216867469879515
4.091566265060241
1.8000000000000003
0.6012048192771083
0.37590361445783127
-0.8385542168674698
-0.4048192771084337
-1.1228915662650605
-1.763855421686747
-2.750602409638554
-2.410843373493976
-1.4096385542168677
-1.467469879518072
-1.9168674698795183
1.9433734939759038
0.716867469879518
2.743373493975904
1.5650602409638552
3.073493975903615
2.648192771084337
0.2506024096385542
-1.1228915662650603
-0.8795180722891567
-1.2048192771084338
0.6192771084337347
1.4457831325301207
1.7783132530120482
0.8999999999999999
0.9795180722891565
0.21084337349397608
0.8397590361445784
0.5072289156626506
0.9783132530120482
1.2036144578313253
1.374698795180723
1.6542168674698794
2.2698795180722895
2.789156626506024
0.3795180722891569
0.1506024096385543
-2.116867469879518
-1.6132530120481927
-1.3662650602409638
-1.2156626506024097
-0.9421686746987952
-0.5421686746987953
-1.912048192771084
-2.018072289156626
-1.0433734939759032
1.4951807228915666
-0.23855421686747036
-1.589156626506024
-1.596385542168675
-3.5602409638554215
-2.5204819277108435
-2.975903614457831
-2.8819277108433736
-2.539759036144578
-0.6313253012048188
1.193975903614458
2.3168674698795186
2.9385542168674705
0.8590361445783135
0.6638554216867467
-1.3253012048192767
-4.204819277108433
-4.854216867469879
-4.097590361445784
-2.9939759036144578
-3.234939759036144
-2.8987951807228916
-3.30722891566265
-2.824096385542168
-2.8698795180722882
-0.8831325301204807
-0.3373493975903612
-1.3192771084337345
-1.3156626506024098
0.004819277108431663
-0.9373493975903617
-1.1554216867469869
-0.6108433734939762
1.0939759036144583
1.8759036144578314
1.991566265060241
1.2469879518072293
1.6228915662650607
1.846987951807229
1.9072289156626514
-0.8614457831325293
-2.065060240963856
-2.2072289156626503
-0.4457831325301189
0.5722891566265051
-2.886746987951807
-4.009638554216869
-3.0120481927710836
-3.742168674698794
-2.790361445783132
-4.132530120481928
-4.498795180722891
-3.1903614457831324
-2.804819277108434
-1.6144578313253
-0.8325301204819286
-2.540963855421687
-3.2638554216867455
-3.8722891566265076
-4.720481927710843
-3.612048192771084
-2.474698795180723
-1.0301204819277103
-0.8096385542168676
-0.23855421686747036
-2.3819277108433745
-2.290361445783132
-1.7831325301204828
0.7590361445783138
0.0650602409638541
1.461445783132529
3.7048192771084363
3.3722891566265076
2.3036144578313262
0.5783132530120483
-0.9903614457831331
-0.9963855421686727
-1.393975903614459
-2.2361445783132528
-2.8734939759036155
-2.371084337349396
-1.0939759036144565
0.5915662650602407
-0.13012048192770997
-3.3253012048192776
-3.9542168674698797
-2.5156626506024082
-1.6180722891566255
-2.024096385542169
-0.13373493975903727
0.7710843373493965
1.2891566265060206
1.2807228915662634
1.3759036144578332
1.507228915662651
1.868674698795182
1.830120481927711
1.3457831325301228
1.913253012048191
2.234939759036145
0.7927710843373497
0.3036144578313227
1.2614457831325296
1.090361445783131
-0.10722891566265247
-1.4469879518072268
-3.8590361445783152
-1.007228915662651
0.0024096385542158316
1.9108433734939752
2.289156626506024
1.5265060240963848
1.6855421686747007
1.2277108433734938
0.7807228915662634
1.3771084337349428
3.143373493975904
0.5253012048192751
-0.20120481927710543
-3.0831325301204835
-5.655421686746985
-5.30120481927711
-2.5710843373493972
-0.548192771084338
0.1638554216867476
0.7445783132530082
1.2216867469879524
1.3024096385542165
0.5855421686746993
1.2542168674698786
1.1012048192771076
2.3506024096385545
3.0759036144578324
2.2674698795180745
1.5746987951807228
1.010843373493973
-0.1493975903614455
-1.4180722891566262
-0.5614457831325304
-0.0963855421686759
0.2795180722891608
-0.7048192771084345
-2.016867469879518
-2.2048192771084345
-0.3120481927710834
-0.2855421686746986
-1.2277108433734938
-1.6192771084337352
-1.959036144578313
-1.8084337349397615
-3.3457831325301193
-3.754216867469882
-2.490361445783133
-5.315662650602409
-4.265060240963859
-3.420481927710842
-4.862650602409637
-3.8277108433734917
-4.284337349397589
-4.010843373493977
-2.8987951807228924
-3.3963855421686766
-3.4530120481927717
-2.5915662650602407
-1.2228915662650621
0.0819277108433738
0.6409638554216883
1.6144578313253035
1.2698795180722904
0.8566265060240994
2.178313253012046
2.900000000000002
3.0289156626506006
1.9626506024096386
0.8421686746987973
0.965060240963858
1.5096385542168669
2.226506024096384
2.767469879518071
3.4156626506024104
3.628915662650602
2.0915662650602407
-0.10000000000000142
-0.06024096385542066
0.1867469879518069
-0.5783132530120483
-0.9469879518072304
-0.944578313253011
-0.7759036144578317
0.1638554216867476
-2.3144578313252993
-0.40120481927710827
-0.27469879518072204
0.9626506024096386
2.17710843373494
2.526506024096385
2.813253012048193
3.4084337349397593
3.153012048192771
2.5855421686746993
2.1710843373493987
0.8746987951807235
0.44337349397590486
0.3216867469879503
1.2253012048192744
2.1156626506024097
1.7216867469879524
1.7831325301204792
-0.17951807228915584
0.09759036144578204
0.5228915662650628
1.2795180722891608
0.2204819277108392
-1.8024096385542165
-1.3361445783132542
-1.9144578313253007
-1.6216867469879492
-1.4903614457831296
-2.245783132530118
-1.7855421686746986
-0.8156626506024107
-3.1795180722891576
0.7253012048192762
1.2301204819277114
1.631325301204818
0.8060240963855403
1.1710843373493987
-0.0373493975903596
-0.3807228915662648
-0.8987951807228907
-1.2506024096385566
-1.1674698795180731
0.1349397590361452
-2.3915662650602414
-1.41686746987952
-0.45180722891566205
-1.1590361445783142
0.43734939759036173
0.22289156626506035
-1.6903614457831324
-3.3084337349397597
-2.4698795180722897
-0.2012048192771072
-2.589156626506023
-0.975903614457831
-4.2554216867469865
-5.539759036144579
-4.939759036144579
-4.6180722891566255
-3.8433734939759034
-2.903614457831325
-1.732530120481929
-2.216867469879518
-1.7554216867469865
-3.168674698795181
-2.848192771084337
-0.5602409638554207
0.13493975903614341
-0.9530120481927717
-3.813253012048193
-2.0361445783132535
-2.8975903614457836
-2.5373493975903614
-0.8578313253012055
-1.644578313253012
0.7867469879518074
1.3915662650602423
2.5614457831325295
2.2144578313253023
0.8783132530120481
0.38554216867469826
1.483132530120482
0.6457831325301209
-0.20000000000000018
-0.34698795180722897
1.0662650602409638
0.9807228915662654
0.8734939759036147
-2.0867469879518072
-4.1253012048192765
-5.259036144578313
-3.2
-3.775903614457831
-6.110843373493976
-7.095180722891566
-5.953012048192771
-2.5506024096385542
-2.6951807228915663
-1.2445783132530124
-0.7879518072289158
0.9542168674698788
-2.6542168674698794
-3.5277108433734936
-3.372289156626506
-3.0855421686746984
-1.3289156626506027
1.4698795180722892
-1.9012048192771085
-1.7373493975903616
-2.0108433734939757
-1.1361445783132529
1.3373493975903616
4.76144578313253
2.6686746987951806
4.101204819277109
6.1265060240963845
5.878313253012049
2.951807228915662
1.0578313253012048
0.7518072289156628
0.26867469879518047
-0.39879518072289155
0.7626506024096387
