3.4361445783132534
3.2626506024096384
3.565060240963856
4.321686746987952
2.5915662650602407
3.5000000000000004
1.6012048192771084
0.6759036144578313
1.8614457831325302
4.695180722891566
1.5771084337349397
1.8361445783132528
1.2493975903614456
2.6891566265060245
2.1903614457831324
3.2325301204819277
4.883132530120482
3.5433734939759036
5.216867469879518
6.343373493975903
4.265060240963855
2.773493975903614
1.7481927710843372
2.050602409638554
2.0771084337349395
2.420481927710843
2.5951807228915658
1.0192771084337346
1.4457831325301207
2.7783132530120485
3.5000000000000004
3.9795180722891565
4.410843373493976
4.839759036144578
3.907228915662651
1.8783132530120485
1.8036144578313253
0.5746987951807232
0.45421686746987966
0.1698795180722894
1.1891566265060236
4.179518072289157
4.3506024096385545
4.383132530120482
3.8867469879518075
3.9337349397590358
4.0843373493975905
4.057831325301205
4.557831325301205
4.687951807228917
2.9819277108433737
1.9566265060240968
2.195180722891566
2.5614457831325295
2.610843373493976
1.2036144578313248
0.13975903614457863
-1.6204819277108435
-1.475903614457831
-2.6819277108433734
-2.039759036144578
-2.831325301204819
-2.2060240963855424
-1.483132530120482
-1.3614457831325302
0.2590361445783138
-0.136144578313254
-0.5253012048192769
-0.8048192771084333
-1.4542168674698788
-1.5975903614457838
-0.9939759036144578
-0.8349397590361436
0.40120481927710827
-1.1072289156626498
1.2759036144578317
1.4301204819277107
3.1168674698795193
3.0626506024096383
3.8807228915662666
3.7843373493975907
3.2048192771084327
2.4626506024096386
2.0445783132530124
0.6891566265060245
1.2939759036144576
0.6759036144578303
1.3915662650602414
2.7469879518072293
2.7228915662650603
1.146987951807228
1.4072289156626514
1.9385542168674714
1.4349397590361441
0.992771084337349
1.1542168674698807
0.5722891566265051
1.9132530120481928
2.1903614457831324
1.2879518072289162
0.35783132530120554
0.20963855421686795
0.2674698795180728
0.8012048192771086
-0.6903614457831324
-2.604819277108433
-3.1144578313253
-4.1325301204819285
-4.040963855421687
-2.563855421686746
-1.1722891566265083
-1.620481927710843
-1.9120481927710848
-2.974698795180723
-4.03012048192771
-3.709638554216866
-4.038554216867471
-3.781927710843373
-2.5903614457831328
-2.3831325301204824
-0.44096385542168726
-1.1349397590361452
-3.2385542168674704
-2.995180722891565
-2.1277108433734924
-1.5963855421686741
-3.7216867469879524
-3.0903614457831328
-2.1963855421686738
-2.0939759036144583
-3.936144578313254
-3.473493975903617
-0.9710843373493958
0.8060240963855421
-0.6084337349397586
-0.4301204819277107
0.774698795180722
0.7457831325301214
0.5843373493975932
2.3819277108433745
3.0759036144578324
3.2662650602409613
0.3710843373493944
-5.610843373493978
-4.819277108433736
-3.1240963855421686
-1.2927710843373497
-2.7313253012048193
-1.6698795180722872
-0.7542168674698786
-0.7867469879518083
1.1349397590361434
0.3927710843373511
1.403614457831324
1.861445783132531
1.8903614457831317
0.29277108433734966
-0.6469879518072297
-4.0590361445783145
-4.70722891566265
-6.3975903614457845
-3.9891566265060234
-2.3108433734939773
-3.273493975903616
-3.0144578313252985
-2.272289156626506
-2.0192771084337373
-0.5228915662650593
-1.7566265060240944
-1.6746987951807242
-1.4012048192771083
-2.5831325301204835
-3.0554216867469854
-2.5012048192771097
-2.0710843373493972
-1.9481927710843365
-2.8361445783132524
-4.15542168674699
-3.678313253012046
-3.097590361445782
-0.9144578313253007
-0.2457831325301214
0.40120481927710827
-0.1493975903614455
-0.9240963855421676
-0.7325301204819255
-0.9253012048192772
-0.08915662650602485
-2.449397590361446
-1.1180722891566255
0.8385542168674682
1.1036144578313234
1.6795180722891594
0.4951807228915648
0.38313253012048065
-1.0048192771084352
-0.012048192771086264
-1.3855421686747
-2.227710843373494
-5.3192771084337345
-5.459036144578313
-2.9084337349397593
-2.7457831325301214
-2.254216867469882
-1.8903614457831317
-0.9156626506024068
-3.3650602409638566
-2.820481927710844
-0.6626506024096379
1.2722891566265062
1.9156626506024104
1.0891566265060213
1.4012048192771083
2.0036144578313255
2.446987951807227
2.9084337349397593
2.0771084337349386
1.781927710843373
0.5409638554216869
-1.3855421686746965
-1.1301204819277118
-0.9433734939759013
-1.5216867469879531
-1.0999999999999979
-0.37108433734939794
1.56265060240964
3.3421686746987973
4.565060240963856
4.909638554216869
4.726506024096384
3.767469879518071
3.1156626506024097
2.528915662650604
0.09156626506024068
-0.1999999999999993
1.2397590361445765
0.4867469879518076
-0.07831325301204828
-0.6469879518072297
-4.744578313253008
-2.375903614457833
-0.736144578313251
-1.2144578313253014
-1.3012048192771068
-0.9746987951807213
0.6626506024096379
-0.32289156626506
-1.273493975903616
-0.9867469879518076
-1.9915662650602393
-1.846987951807229
-0.3144578313253028
1.5710843373493972
0.5746987951807228
-0.256626506024098
0.22168674698794888
1.8253012048192758
1.815662650602409
1.9216867469879553
2.08313253012048
1.7204819277108427
1.2975903614457813
-0.17710843373493645
-0.920481927710842
-0.9795180722891601
-2.3024096385542165
-2.636144578313253
-3.4144578313253007
-3.221686746987949
-2.9903614457831296
-5.045783132530119
-2.3855421686746983
-4.115662650602411
-4.979518072289158
-5.274698795180722
-7.169879518072289
-4.268674698795181
-3.2939759036144594
-5.128915662650602
-5.83734939759036
-4.080722891566264
-4.398795180722891
-4.950602409638556
-5.267469879518073
-4.865060240963855
-6.091566265060242
-5.616867469879519
-6.951807228915662
-5.559036144578314
-6.162650602409638
-5.77710843373494
-5.390361445783133
-3.008433734939759
-2.1698795180722907
-3.9012048192771083
-4.589156626506024
-3.7759036144578317
-3.655421686746987
-3.1397590361445786
-3.23975903614458
-2.718072289156626
-3.743373493975904
-4.603614457831325
-5.832530120481929
-6.416867469879518
-5.355421686746987
-4.468674698795182
-5.348192771084337
-3.6602409638554203
-1.4650602409638562
-2.653012048192771
-2.7132530120481935
-3.5361445783132535
-3.797590361445784
-2.0373493975903614
-0.9578313253012052
-0.24457831325301171
0.686746987951806
1.7915662650602409
3.5614457831325295
3.6144578313253026
2.678313253012048
3.3855421686746983
0.2831325301204819
2.0457831325301212
-0.20000000000000018
0.7530120481927716
2.8662650602409645
2.3807228915662657
0.4734939759036152
-0.2867469879518074
0.4746987951807231
-0.7590361445783129
-1.7000000000000002
-0.07590361445783067
0.38915662650602423
1.4048192771084338
-1.153012048192771
0.8493975903614457
1.4048192771084334
0.3554216867469875
2.212048192771084
2.2542168674698795
1.8457831325301206
2.472289156626506
1.6277108433734937
-0.4855421686746988
-0.8289156626506027
-2.230120481927711
-0.9012048192771085
-1.7373493975903616
-1.0108433734939757
-0.9361445783132529
-1.2626506024096382
-1.7385542168674697
-1.3313253012048192
-0.4987951807228912
1.0265060240963857
1.6783132530120484
2.3518072289156624
3.0578313253012053
3.1518072289156627
5.36867469879518
6.1012048192771084
4.462650602409639
