1.3361445783132528
2.5626506024096387
2.8650602409638557
3.7216867469879515
0.39156626506024095
1.2000000000000002
2.4012048192771087
1.3759036144578314
1.76144578313253
0.7951807228915664
3.47710843373494
4.936144578313254
3.349397590361446
2.089156626506024
3.9903614457831322
3.132530120481928
0.6831325301204818
0.6433734939759037
0.016867469879518038
-0.05662650602409647
0.9650602409638556
2.273493975903614
2.948192771084337
1.8506024096385543
-0.12289156626506026
-2.4795180722891565
-2.604819277108434
-2.8807228915662653
-3.5542168674698793
-1.5216867469879516
-1.7
-1.7204819277108434
-0.5891566265060242
-0.7602409638554217
-2.3927710843373493
-0.4216867469879517
1.6036144578313252
0.27469879518072293
-1.5457831325301203
-2.5301204819277108
-2.710843373493976
-0.3204819277108433
0.7506024096385544
-2.416867469879518
-0.9132530120481928
0.23373493975903603
2.5843373493975905
3.057831325301205
2.057831325301205
1.8879518072289163
3.381927710843374
2.0566265060240965
1.1951807228915658
1.4614457831325298
1.7108433734939759
1.7036144578313248
1.3397590361445788
3.2795180722891564
3.9240963855421693
3.418072289156627
2.8602409638554214
2.0686746987951814
0.9939759036144578
-2.0831325301204817
-4.7614457831325305
-5.840963855421687
-6.236144578313254
-4.825301204819277
-5.204819277108433
-6.054216867469879
-5.6975903614457835
-5.493975903614458
-3.1349397590361434
-2.798795180722892
-1.1072289156626498
-0.024096385542168974
-0.06987951807228932
0.31686746987951864
-1.2373493975903607
-2.5192771084337338
-6.4156626506024095
-5.4951807228915674
-3.637349397590361
-2.2554216867469865
-1.0108433734939766
0.5939759036144583
-0.42409638554216933
-0.508433734939759
1.0469879518072283
2.2228915662650603
2.7469879518072275
3.007228915662651
2.33855421686747
1.234939759036143
1.8927710843373493
0.7542168674698804
1.2722891566265044
-1.6867469879518069
-2.3096385542168676
-3.2120481927710838
-2.8421686746987946
-1.8903614457831317
-0.8325301204819269
-0.298795180722891
-0.29036144578313205
-0.00481927710843344
0.8855421686747
1.1674698795180714
1.3590361445783135
1.2361445783132545
2.0277108433734927
0.9795180722891583
-1.8120481927710852
-3.0746987951807228
-4.73012048192771
-2.9096385542168672
-2.038554216867471
-2.581927710843374
-6.090361445783133
-5.283132530120483
-4.240963855421686
-3.234939759036145
-1.2385542168674704
1.1048192771084349
2.6722891566265083
3.103614457831327
4.278313253012049
3.9096385542168672
0.30361445783132623
-0.09397590361445829
1.563855421686748
0.9265060240963852
-1.0710843373493955
-2.193975903614456
-1.508433734939759
0.2698795180722904
1.6746987951807206
2.5457831325301186
2.584337349397593
0.4819277108433724
0.07590361445783245
-1.133734939759039
-2.028915662650604
-0.7108433734939794
-0.4192771084337359
-1.4240963855421676
-1.492771084337349
-2.1313253012048197
-0.669879518072289
1.0457831325301221
2.413253012048191
2.234939759036145
0.6927710843373518
-1.7963855421686752
-3.5385542168674693
-3.60963855421687
-2.2072289156626503
-0.7469879518072275
1.340963855421684
2.892771084337351
2.6024096385542137
2.5108433734939766
3.089156626506025
3.526506024096385
3.9855421686747015
4.727710843373494
3.880722891566265
-1.6228915662650572
-0.8566265060240958
0.42530120481927725
1.5987951807228917
3.6168674698795193
3.4445783132530146
1.6987951807228896
1.128915662650602
0.951807228915662
0.9638554216867448
1.6445783132530103
1.4216867469879553
1.8024096385542165
3.0855421686746993
3.454216867469878
3.201204819277109
3.550602409638554
3.175903614457834
1.9674698795180738
1.3746987951807235
0.9108433734939752
1.1506024096385552
2.481927710843376
3.9385542168674696
3.903614457831324
1.1795180722891594
0.19518072289156407
1.7831325301204828
1.8951807228915634
2.9879518072289137
4.014457831325302
0.9722891566265055
-0.8192771084337345
-0.6590361445783124
-1.0084337349397607
-4.745783132530121
-4.954216867469881
-2.5903614457831345
-5.11566265060241
-6.065060240963856
-5.820481927710844
-2.862650602409637
-1.7277108433734938
-1.9843373493975882
-3.110843373493978
-3.2987951807228946
-5.4963855421686745
-5.153012048192771
-3.3915662650602414
-2.82289156626506
-3.718072289156627
-3.059036144578311
-1.7855421686746986
-3.330120481927711
-5.543373493975903
-3.4216867469879553
-2.8000000000000007
-2.871084337349398
-2.43734939759036
-4.257831325301204
-4.334939759036143
-3.790361445783134
-4.373493975903614
-5.132530120481928
-3.9843373493975918
-3.7710843373493965
-4.3084337349397615
-4.600000000000001
-4.060240963855421
-3.0132530120481924
-2.478313253012047
-2.246987951807231
-3.044578313253009
-2.875903614457833
-1.3361445783132524
-3.0144578313252985
-4.101204819277108
-2.9746987951807213
-5.237349397590361
-5.322891566265058
-5.873493975903614
-4.686746987951807
-4.091566265060239
-2.9469879518072304
-3.4144578313253007
-5.228915662650602
-6.025301204819277
-5.356626506024096
-3.07831325301205
-2.3746987951807235
-3.8843373493975903
-4.478313253012047
-4.41686746987952
-3.379518072289157
-3.402409638554218
-3.077108433734937
-3.3204819277108406
-2.6795180722891594
-2.1024096385542155
-2.0361445783132535
-1.2144578313253014
-0.12168674698795101
1.8096385542168711
2.6542168674698807
1.9144578313253025
2.0843373493975896
1.120481927710843
0.8253012048192776
0.9301204819277107
-0.16867469879518104
-0.393975903614459
-1.3289156626506013
-0.7373493975903589
0.11927710843373518
0.0012048192771096922
0.04939759036144409
-0.16746987951807313
1.2349397590361448
1.008433734939759
-1.716867469879519
0.24819277108433724
-1.6590361445783142
-2.4626506024096386
-1.67710843373494
-1.790361445783132
-1.9084337349397593
-1.7698795180722904
-2.6012048192771076
-2.9891566265060234
-2.675903614457832
-0.6554216867469869
1.5602409638554207
1.3602409638554196
0.6819277108433734
0.2566265060240962
2.296385542168675
0.16746987951807135
-0.8168674698795186
0.34457831325301314
0.1313253012048179
0.25180722891566276
1.3397590361445797
0.4349397590361441
2.0469879518072283
-1.1132530120481938
0.8638554216867469
1.202409638554217
2.362650602409638
0.2421686746987941
0.35542168674698793
0.686746987951806
-0.5084337349397581
-0.03855421686747018
-0.9855421686746979
-1.7216867469879515
-1.9144578313253016
-2.0168674698795184
-0.9542168674698788
-1.5999999999999996
-1.4469879518072286
-1.9337349397590358
-0.9192771084337341
-0.726506024096385
-0.6867469879518073
-0.7253012048192766
0.3409638554216867
1.4000000000000004
2.1240963855421695
1.7891566265060237
-0.5951807228915662
-2.053012048192771
-2.1506024096385543
-2.1951807228915663
-1.1445783132530123
-2.0879518072289156
-0.745783132530121
1.1457831325301204
-1.2277108433734938
-2.172289156626506
-2.085542168674699
-3.0289156626506024
-2.730120481927711
-2.7012048192771085
-0.23734939759036155
1.6891566265060243
3.063855421686747
4.437349397590362
2.8614457831325306
2.568674698795181
3.301204819277109
-0.0734939759036144
0.17831325301204837
0.8518072289156624
-1.6421686746987951
-2.548192771084337
-1.6313253012048194
-2.6987951807228914
-2.5373493975903614
