-1.663855421686747
-0.8373493975903614
-0.3349397590361445
1.3216867469879516
3.791566265060241
3.6
3.601204819277109
3.175903614457831
0.7614457831325301
-0.7048192771084337
-2.02289156626506
-2.063855421686747
-1.6506024096385543
0.889156626506024
0.49036144578313245
4.732530120481927
5.483132530120482
4.643373493975903
4.316867469879518
1.8433734939759037
-0.8349397590361446
0.17349397590361448
0.24819277108433724
-0.049397590361445864
0.17710843373493956
2.0204819277108435
3.495180722891566
4.119277108433735
3.0457831325301203
2.5783132530120483
3.0000000000000004
1.8795180722891565
2.710843373493976
-1.0602409638554215
-1.4927710843373494
-3.321686746987952
-2.096385542168675
-2.125301204819277
-1.9457831325301205
-2.2301204819277105
-2.710843373493976
-2.220481927710843
-1.6493975903614457
-2.916867469879518
-1.4132530120481928
-1.6662650602409639
-3.01566265060241
-3.442168674698795
-3.3421686746987955
-2.312048192771084
-1.6180722891566262
-0.6433734939759033
-2.904819277108434
-3.6385542168674703
-3.189156626506024
-3.196385542168675
-3.1602409638554216
-2.7204819277108436
-1.875903614457831
-1.7819277108433735
0.5602409638554215
-0.33132530120481896
-1.5060240963855422
-0.8831325301204815
0.6385542168674698
1.959036144578313
2.063855421686746
1.474698795180723
1.595180722891567
2.0457831325301203
1.0024096385542158
-0.49397590361445776
-2.234939759036144
-1.1987951807228914
-0.6072289156626498
1.975903614457831
1.7301204819277114
2.5168674698795197
2.4626506024096386
2.780722891566265
3.0843373493975896
2.0048192771084317
0.06265060240963827
-0.2554216867469865
-2.0108433734939766
-3.106024096385542
-3.6240963855421695
-2.6084337349397586
-1.653012048192771
-0.9771084337349407
-1.353012048192772
-1.7927710843373497
-2.16144578313253
-2.4650602409638562
-2.007228915662651
-2.5457831325301203
0.27228915662650444
1.8132530120481931
2.4903614457831313
2.087951807228917
2.6578313253012062
1.1096385542168683
-0.8325301204819269
-2.0987951807228917
-1.290361445783132
-0.10481927710843308
-0.6144578313253
-1.4325301204819283
-1.3409638554216876
0.23614457831325453
0.4277108433734931
1.1795180722891576
-0.21204819277108555
-0.5746987951807228
-0.4301204819277107
-2.009638554216867
-0.7385542168674704
-0.48192771084337416
0.9096385542168672
1.8168674698795169
0.35903614457831345
-0.9349397590361459
-0.4385542168674714
0.10481927710843486
0.37228915662650763
1.0036144578313255
-0.12168674698795279
-1.790361445783132
-1.4963855421686727
-2.2939759036144594
-1.9361445783132538
-1.1734939759036163
-0.7710843373493965
-1.0939759036144565
-0.3084337349397597
0.06987951807229109
-1.5253012048192787
-1.1542168674698807
-1.315662650602409
-1.8180722891566266
-2.3240963855421697
-2.633734939759039
-3.328915662650605
-3.2108433734939776
-3.119277108433735
-4.724096385542168
-4.592771084337349
-3.6313253012048197
-2.469879518072288
-1.9542168674698779
-0.38674698795180973
0.5349397590361455
1.392771084337351
1.403614457831324
2.9614457831325325
3.090361445783131
3.1927710843373482
0.25301204819277245
-0.05903614457831452
1.1927710843373482
3.202409638554215
0.9108433734939752
1.389156626506022
-0.2734939759036159
0.28554216867470217
0.2277108433734938
-2.2192771084337366
-2.7228915662650586
-6.556626506024095
-3.974698795180725
-3.7012048192771054
-3.8831325301204807
-2.7554216867469847
-1.1012048192771111
-0.7710843373494001
-0.34819277108433866
-0.5361445783132552
-2.6554216867469904
-2.678313253012046
-2.1975903614457835
-1.514457831325302
-1.8457831325301228
-1.3987951807228924
-0.3493975903614448
0.37590361445783316
0.06746987951807526
-0.8253012048192794
-1.0891566265060248
0.5506024096385538
1.981927710843376
2.238554216867467
2.3036144578313227
2.079518072289158
3.195180722891564
0.8831325301204807
0.8951807228915634
1.9879518072289137
3.2144578313253014
3.9722891566265055
4.280722891566267
5.140963855421688
6.391566265060238
4.254216867469879
5.245783132530118
3.209638554216866
4.38433734939759
6.134939759036143
7.679518072289156
7.137349397590363
6.572289156626507
6.015662650602412
5.589156626506021
4.801204819277107
-2.096385542168676
-3.053012048192773
-2.5915662650602407
-2.6228915662650607
-3.218072289156627
-4.159036144578312
-2.185542168674697
0.2698795180722904
1.1566265060241
0.5783132530120447
1.1000000000000014
2.128915662650602
-0.6373493975903592
-1.1578313253012027
-0.03493975903614199
-0.29036144578313383
1.0265060240963848
1.6674698795180731
2.0156626506024082
1.7289156626506035
3.29156626506024
3.1999999999999993
-1.4602409638554228
-2.313253012048193
-0.6783132530120461
0.5530120481927696
1.1554216867469904
0.6240963855421668
0.4638554216867483
2.2855421686746986
1.9987951807228939
0.6253012048192765
-0.3373493975903621
-1.0228915662650593
-0.9734939759036152
0.7132530120481917
1.9084337349397593
-0.7469879518072275
-0.4144578313253007
1.1710843373493987
-0.9253012048192772
-3.256626506024096
-3.6783132530120497
-2.2746987951807256
-1.0843373493975896
-0.7783132530120476
-3.0168674698795197
-1.6795180722891558
-1.2024096385542187
-0.37710843373493574
-0.12048192771084132
1.1204819277108413
2.1975903614457835
2.4638554216867448
4.3855421686747
2.878313253012049
0.7096385542168697
0.7542168674698821
1.1144578313253017
2.1843373493975875
2.420481927710844
1.425301204819279
0.5301204819277121
1.53132530120482
2.606024096385541
2.4710843373493976
2.062650602409642
2.919277108433736
2.4012048192771083
3.349397590361445
3.132530120481926
0.5349397590361438
-1.0915662650602425
-0.8168674698795204
0.04819277108433795
0.4409638554216855
1.2373493975903624
-1.0771084337349404
-0.8903614457831335
0.49156626506024104
0.5301204819277103
-1.2012048192771072
-2.289156626506024
-3.2759036144578317
-3.155421686746987
-2.6397590361445786
-1.3397590361445797
-0.6180722891566255
-0.5433734939759027
0.9963855421686745
1.267469879518071
-0.5168674698795179
0.5445783132530124
0.6313253012048179
2.0518072289156635
1.039759036144579
1.1349397590361434
2.0469879518072283
-0.11325301204819382
-0.1361445783132531
-0.8975903614457836
-1.0373493975903614
-0.9578313253012052
-1.944578313253012
-3.2132530120481935
-5.408433734939758
-5.83855421686747
-4.185542168674698
-1.4216867469879517
-3.1144578313253013
-3.716867469879518
-3.0542168674698793
-2.1999999999999997
-1.846987951807229
-2.9337349397590358
-2.2192771084337344
-1.326506024096385
-0.08674698795180724
2.5746987951807236
2.6409638554216874
1.2000000000000002
0.024096385542168974
-4.910843373493976
-4.795180722891566
-4.253012048192771
-4.750602409638555
-4.095180722891566
0.7554216867469878
-1.9879518072289155
-3.9457831325301207
-2.6542168674698794
-2.827710843373494
-1.072289156626506
-1.6855421686746987
-3.0289156626506024
-3.730120481927711
-3.3012048192771086
-1.5373493975903614
-0.8108433734939757
0.26385542168674725
-0.6626506024096384
0.8614457831325302
2.568674698795181
-0.29879518072289124
2.4265060240963856
1.378313253012048
2.7518072289156628
4.957831325301205
2.6518072289156627
3.0686746987951805
3.1012048192771084
3.4626506024096386
