-3.463855421686747
-4.037349397590361
-5.534939759036145
-5.378313253012048
-7.6084337349397595
-8.0
-7.8987951807228916
-7.624096385542169
-7.03855421686747
-7.104819277108433
-7.4228915662650605
-6.763855421686747
-5.750602409638555
-4.010843373493976
-2.7096385542168675
-1.1674698795180722
-0.9168674698795182
-1.8566265060240963
-2.283132530120482
-2.756626506024096
-0.8349397590361446
-0.3265060240963855
-0.051807228915662584
1.050602409638554
-2.52289156626506
-2.279518072289157
-3.404819277108434
-4.080722891566265
-1.7542168674698795
-3.821686746987952
-3.0999999999999996
-0.7204819277108434
0.610843373493976
2.8397590361445784
-0.6927710843373494
-2.721686746987952
0.5036144578313251
0.17469879518072284
-1.5457831325301203
-0.2301204819277105
-1.0108433734939761
-2.220481927710843
-4.849397590361446
-5.316867469879519
-4.613253012048193
-3.166265060240964
-3.01566265060241
-3.7421686746987954
-4.8421686746987955
-5.112048192771084
-4.918072289156626
-5.243373493975904
-3.904819277108434
-4.13855421686747
-1.4891566265060239
0.403614457831325
-0.2602409638554217
1.379518072289157
1.3240963855421688
1.5180722891566267
0.5602409638554215
1.8686746987951812
-0.4060240963855426
1.3168674698795186
1.7385542168674695
2.259036144578314
3.363855421686746
1.3746987951807235
-0.30481927710843326
-2.4542168674698788
-3.897590361445784
-1.193975903614458
-1.6349397590361434
-1.0987951807228917
-4.40722891566265
-4.024096385542168
-4.069879518072288
-3.583132530120481
-4.437349397590361
-4.8192771084337345
-3.01566265060241
-1.2951807228915673
-2.4373493975903617
-1.7554216867469865
-0.11084337349397622
-1.2060240963855424
-1.7240963855421692
-3.808433734939759
-2.653012048192771
-1.67710843373494
-0.653012048192771
1.2072289156626503
1.9385542168674714
1.734939759036143
0.7927710843373497
0.25421686746988037
0.07228915662650515
0.6132530120481938
1.9903614457831313
1.6879518072289166
-0.44216867469879517
-1.090361445783131
-1.532530120481928
-1.6987951807228914
-1.3903614457831317
0.0951807228915662
-0.11445783132529996
-1.032530120481928
-0.3409638554216876
-0.2638554216867455
0.12771084337349237
-0.1204819277108431
0.28795180722891445
0.42530120481927725
-2.4301204819277107
-2.209638554216866
-2.4385542168674714
-2.981927710843374
-4.3903614457831335
-1.5831325301204835
0.35903614457831345
0.0650602409638541
-0.9385542168674714
-2.995180722891565
-2.5277108433734927
-2.796385542168675
-4.521686746987951
-6.590361445783133
-4.196385542168674
-4.093975903614458
-2.336144578313254
-1.973493975903617
-2.5710843373493955
-0.8939759036144572
-0.9084337349397593
-0.63012048192771
0.17469879518072062
-0.15421686746988073
-0.31566265060240895
-2.018072289156626
-0.7240963855421683
-1.5337349397590394
-1.828915662650605
-1.0108433734939766
0.4807228915662627
1.475903614457831
2.1072289156626525
1.2686746987951807
0.6301204819277118
0.9457831325301207
2.5132530120481924
1.9349397590361441
0.6927710843373518
1.5036144578313255
1.4614457831325325
1.3903614457831317
1.5927710843373468
-0.24698795180722755
-1.0590361445783145
-3.107228915662649
-2.6975903614457835
-2.089156626506025
-3.8108433734939773
-1.4734939759036152
-1.2144578313252978
0.6277108433734924
-3.5192771084337373
-2.2228915662650586
-3.2566265060240944
-4.174698795180724
-3.001204819277106
-3.283132530120483
-5.455421686746986
-4.50120481927711
-2.5710843373493972
-1.9481927710843365
-1.5361445783132552
-1.4554216867469911
-3.3783132530120454
-2.597590361445782
-1.2144578313253014
0.15421686746987717
0.5012048192771097
0.3506024096385545
-0.32409638554216613
-0.632530120481924
-0.3253012048192794
0.41084337349397515
-0.5493975903614441
0.18192771084337522
-0.7614457831325332
-0.4963855421686745
0.07951807228915797
0.9951807228915648
2.1831325301204814
3.2951807228915655
0.28795180722891445
0.21445783132530138
0.7722891566265062
0.8807228915662648
0.9409638554216855
0.6915662650602385
-0.9457831325301207
-0.054216867469879304
2.009638554216867
3.084337349397593
3.6349397590361434
2.2795180722891573
1.4373493975903635
1.572289156626507
-0.1843373493975875
-1.4108433734939787
-1.6987951807228932
-1.6963855421686738
-0.3530120481927739
0.5084337349397607
0.67710843373494
-3.618072289156629
-3.559036144578311
-3.5855421686746993
-1.830120481927711
-1.6433734939759006
-1.0216867469879531
0.6000000000000014
1.9289156626506028
2.9626506024096386
3.242168674698796
1.8650602409638566
1.6096385542168683
1.8265060240963855
1.1674698795180731
2.6156626506024097
3.628915662650602
4.091566265060241
3.1000000000000014
1.839759036144578
1.9867469879518076
-2.878313253012049
-2.0469879518072283
-2.1445783132530103
-1.7759036144578317
-0.3361445783132524
1.1855421686747007
1.7987951807228946
1.225301204819278
1.8626506024096408
1.67710843373494
0.7265060240963841
1.8132530120481931
-0.5915662650602407
-0.4469879518072304
1.2855421686746986
-0.42891566265060277
-0.9253012048192772
0.743373493975902
1.8216867469879503
0.025301204819275114
0.41566265060241037
-1.3783132530120454
-0.5168674698795179
1.0204819277108435
1.7975903614457813
2.3228915662650635
2.47951807228916
3.52048192771084
3.997590361445784
3.9638554216867448
4.685542168674697
4.378313253012049
4.109638554216868
4.35421686746988
3.9144578313253025
4.38433734939759
4.120481927710843
3.725301204819276
4.13012048192771
4.131325301204818
4.30602409638554
4.171084337349397
3.362650602409639
3.7192771084337366
1.4012048192771083
1.049397590361444
1.532530120481928
1.7349397590361448
2.508433734939759
1.58313253012048
1.7481927710843372
0.9409638554216855
-0.26265060240963756
-0.17710843373494
0.3096385542168676
0.3915662650602414
-1.2698795180722904
-1.2012048192771072
-0.5891566265060231
0.12409638554216862
-1.0554216867469872
-2.1397590361445786
-2.3397590361445797
-2.518072289156626
-0.8433734939759034
0.39638554216867483
1.967469879518072
1.483132530120482
0.5445783132530124
-1.7686746987951816
-0.8481927710843369
-0.26024096385541995
1.1349397590361434
0.4469879518072286
-0.9132530120481936
0.5638554216867462
2.002409638554216
1.5626506024096392
0.04216867469879482
-0.34457831325301136
-2.613253012048193
-4.808433734939758
-4.93855421686747
-4.285542168674699
-4.821686746987952
-3.9144578313253016
-2.816867469879518
-3.0542168674698793
-2.1999999999999997
-0.7469879518072284
-0.4337349397590362
-2.6192771084337343
-1.9265060240963852
-1.886746987951807
-3.3253012048192767
-3.5590361445783127
-2.0
-0.5759036144578307
0.2891566265060237
1.7048192771084336
2.146987951807229
2.6493975903614455
4.604819277108433
3.5554216867469877
4.912048192771085
5.054216867469878
5.14578313253012
2.472289156626506
0.6277108433734941
-1.0855421686746987
-0.42891566265060255
0.36987951807228914
1.7987951807228915
2.662650602409638
3.289156626506024
1.463855421686747
0.33734939759036164
-0.5385542168674697
-1.3313253012048192
-1.0987951807228913
-0.8734939759036144
0.278313253012048
1.3518072289156624
-0.04216867469879504
2.0518072289156626
3.7686746987951807
1.5012048192771084
0.8626506024096385
