0.33614457831325306
0.06265060240963871
0.2650602409638554
0.7216867469879518
-1.3084337349397592
-0.4
-2.6987951807228914
-1.9240963855421689
-0.33855421686746984
-2.3048192771084337
-0.8228915662650604
-2.563855421686747
-2.250602409638554
-0.21084337349397586
-0.40963855421686757
-0.3674698795180722
-0.5168674698795181
-0.4566265060240963
0.9168674698795182
1.8433734939759037
0.8650602409638555
2.273493975903614
-0.051807228915662584
1.3506024096385543
1.1771084337349396
-0.8795180722891567
-2.7048192771084336
-2.580722891566265
-1.2542168674698795
-0.12168674698795168
1.0
-0.12048192771084354
0.5108433734939759
0.5397590361445785
-0.2927710843373492
-2.621686746987952
-1.996385542168675
-2.725301204819277
-3.5457831325301203
-6.630120481927711
-6.110843373493976
-3.8204819277108433
-3.049397590361446
-3.516867469879518
-4.213253012048193
-2.166265060240964
-3.81566265060241
-3.8421686746987955
-2.6421686746987953
-1.8120481927710839
-1.518072289156626
-2.3433734939759034
-2.404819277108434
-1.2385542168674704
1.0108433734939757
-1.696385542168675
-4.660240963855421
-6.0204819277108435
-5.275903614457831
-5.081927710843374
-3.3397590361445784
-1.1313253012048188
-0.7060240963855424
-0.8831325301204815
-0.4614457831325298
0.5590361445783136
0.46385542168674654
1.0746987951807236
1.6951807228915667
1.345783132530121
1.0024096385542158
-0.8939759036144581
-0.6349397590361434
-0.2987951807228919
-0.5072289156626493
-1.6240963855421686
-2.0698795180722884
-2.783132530120481
-1.5373493975903614
-3.5192771084337338
-2.01566265060241
-2.9951807228915674
-2.837349397590361
-0.8554216867469862
-2.3108433734939764
-2.106024096385542
-0.8240963855421697
0.8915662650602414
-0.2530120481927707
0.022891566265059282
1.0469879518072283
1.4072289156626514
1.038554216867471
0.3349397590361445
0.8927710843373493
1.35421686746988
0.8722891566265041
1.3132530120481931
-0.409638554216869
-1.412048192771083
-1.8421686746987938
-3.9903614457831313
-6.232530120481927
-5.798795180722891
-4.190361445783132
-2.804819277108434
-1.5144578313253003
-2.232530120481929
-3.8409638554216876
-2.163855421686746
-2.772289156626508
-1.620481927710843
-0.6120481927710841
-0.4746987951807231
-0.13012048192770997
-0.6096385542168665
-2.1385542168674707
-1.4819277108433742
-0.09036144578313277
1.3168674698795169
2.759036144578312
2.265060240963855
1.2614457831325296
-0.2951807228915655
-0.727710843373492
0.6036144578313252
-0.22168674698795243
0.3096385542168676
-0.2963855421686734
0.5060240963855414
1.8638554216867451
1.9265060240963852
2.7289156626506053
2.306024096385542
1.5915662650602407
1.3698795180722882
2.5746987951807228
3.8457831325301193
4.684337349397591
4.8819277108433745
4.5759036144578324
4.266265060240961
3.471084337349396
4.389156626506022
2.4807228915662627
2.5759036144578324
2.7072289156626503
1.1686746987951793
-1.6698795180722872
-4.754216867469879
-4.586746987951809
-4.465060240963856
-2.80722891566265
-2.1963855421686773
-4.538554216867469
-5.409638554216869
-5.6072289156626525
-5.446987951807229
-3.659036144578314
-1.8072289156626518
-1.5975903614457856
-0.9891566265060234
-3.5108433734939766
-2.473493975903615
-0.7144578313252978
-0.37228915662650763
-1.3192771084337345
0.17710843373494356
1.2433734939759056
0.6253012048192765
0.09879518072289173
1.2168674698795172
2.044578313253016
1.4987951807228903
0.32891566265060135
1.5518072289156635
1.9638554216867448
2.544578313253009
2.9216867469879553
3.7024096385542187
1.1855421686746972
0.9542168674698779
0.9012048192771083
1.950602409638556
2.0759036144578324
2.367469879518076
-0.22530120481927796
-0.6891566265060263
-0.4493975903614462
-2.218072289156627
-0.9614457831325325
0.4036144578313241
-1.7204819277108392
-3.004819277108435
-3.716867469879517
-2.904819277108434
-2.412048192771085
-0.9855421686746979
-1.427710843373493
-1.6192771084337352
-2.6590361445783124
-2.108433734939762
-0.9457831325301207
-1.0542168674698793
-1.4903614457831331
-2.815662650602409
-2.3650602409638566
-0.5204819277108435
0.7373493975903642
1.9722891566265055
3.1156626506024097
1.389156626506022
1.2012048192771054
1.6036144578313234
2.7469879518072275
3.4084337349397593
2.777108433734938
3.081927710843374
2.2409638554216897
0.4144578313253007
0.9698795180722897
2.0566265060240987
2.3783132530120454
-0.6999999999999993
-0.17108433734939865
-0.5373493975903614
-0.05783132530120483
1.3650602409638566
2.1096385542168683
0.3265060240963855
-0.9325301204819283
0.5156626506024082
-0.7710843373493965
0.29156626506023997
-1.0
-3.460240963855423
-2.813253012048193
-2.7783132530120476
-2.4469879518072304
-2.3445783132530096
-3.7759036144578317
-4.43614457831325
-3.9144578313253007
-2.7012048192771054
-2.3746987951807235
-1.337349397590362
-0.22289156626505857
-1.4734939759036152
-2.386746987951806
-0.6915662650602385
1.153012048192771
-1.4144578313253007
-1.7289156626506035
-1.725301204819278
-1.5566265060240951
-0.4783132530120504
0.2253012048192744
2.0156626506024082
2.021686746987953
2.7831325301204792
3.6204819277108413
-0.40240963855421796
-1.6771084337349365
-1.1204819277108413
-0.1795180722891594
0.19759036144578346
0.3638554216867469
1.3855421686747
0.6783132530120497
-0.8903614457831299
-1.445783132530119
-0.7855421686746986
-0.11566265060241143
0.5204819277108417
0.3253012048192776
1.2301204819277114
2.7313253012048193
2.9060240963855417
3.171084337349397
3.262650602409641
3.2192771084337366
3.5012048192771097
1.6493975903614437
1.8325301204819269
0.9349397590361441
1.4084337349397575
0.6831325301204796
0.9481927710843383
1.4409638554216855
1.137349397590361
0.1228915662650607
-0.09036144578313277
-0.008433734939758963
0.7301204819277096
2.0987951807228917
2.3108433734939755
-0.7759036144578317
-2.7554216867469865
-0.9397590361445793
-0.6397590361445804
-2.518072289156626
-2.243373493975904
1.1963855421686755
-0.13253012048192936
-0.4168674698795183
-0.2554216867469865
0.831325301204819
-2.348192771084337
-3.26024096385542
-2.265060240963856
-0.653012048192771
-2.2132530120481935
-0.9361445783132538
0.4024096385542162
1.4626506024096395
1.6421686746987945
0.4554216867469876
1.186746987951806
2.8915662650602423
4.161445783132529
3.7144578313253023
3.0783132530120483
1.685542168674699
1.283132530120482
2.84578313253012
2.4000000000000004
2.953012048192771
1.4662650602409641
-0.8192771084337345
-1.5265060240963853
0.013253012048192403
-0.22530120481927707
-0.859036144578313
-2.3
-2.475903614457831
-2.110843373493976
-2.395180722891566
-2.753012048192771
-2.1506024096385543
-1.0951807228915662
-0.044578313253012425
1.4120481927710844
1.7542168674698795
2.9457831325301203
0.8722891566265063
0.12771084337349414
-1.3855421686746987
0.5710843373493972
1.269879518072289
-0.10120481927710845
-0.23734939759036155
1.2891566265060244
1.063855421686747
-0.9626506024096382
-2.9385542168674696
-2.3313253012048194
-2.5987951807228913
-3.773493975903614
-4.421686746987952
-3.1481927710843376
-1.042168674698795
-1.3481927710843373
1.3686746987951806
2.0012048192771084
1.8626506024096388
