2.436144578313253
2.4626506024096386
1.7650602409638554
0.7216867469879518
-1.108433734939759
-0.7
0.9012048192771084
-1.4240963855421689
-2.0385542168674697
-2.3048192771084337
-1.7228915662650603
-8.263855421686747
-8.150602409638553
-4.610843373493976
-0.9096385542168676
-0.8674698795180722
-2.316867469879518
-4.756626506024096
-3.9831325301204816
-4.856626506024097
-4.634939759036144
-5.8265060240963855
-6.451807228915662
-3.249397590361446
-3.4228915662650605
-2.0795180722891566
-1.804819277108434
-0.9807228915662651
-1.1542168674698794
-3.5216867469879514
-4.6
-3.3204819277108433
-3.289156626506024
-4.160240963855422
-1.8927710843373493
-0.32168674698795163
-0.39638554216867483
0.5746987951807232
1.4542168674698792
0.8698795180722891
0.8891566265060238
1.9795180722891565
3.6506024096385543
4.883132530120482
4.486746987951808
2.9337349397590358
2.0843373493975905
-0.5421686746987953
-0.14216867469879535
-1.5120481927710838
-0.718072289156626
-0.44337349397590353
-2.404819277108434
-1.43855421686747
-2.189156626506024
-3.4963855421686754
-2.8602409638554214
-1.4204819277108434
0.024096385542168974
3.1180722891566264
2.660240963855422
1.3686746987951812
-6.806024096385542
-6.083132530120482
-5.36144578313253
-5.740963855421686
-5.836144578313253
-5.725301204819276
-5.504819277108433
-5.654216867469879
-4.997590361445784
-4.793975903614458
-3.6349397590361434
-5.798795180722892
-5.40722891566265
-5.224096385542168
-4.369879518072288
-2.783132530120481
-3.937349397590361
-5.3192771084337345
-4.715662650602409
-3.095180722891568
-1.4373493975903617
-0.6554216867469869
1.6891566265060245
0.3939759036144572
0.17590361445783032
-2.008433734939759
-1.9530120481927709
-3.7771084337349397
-5.053012048192771
-4.292771084337349
-3.2614457831325296
-0.8650602409638566
-1.6072289156626507
0.05421686746988108
-0.027710843373494498
0.5132530120481924
0.29036144578313205
0.7879518072289162
2.057831325301205
-0.49036144578313134
-2.6325301204819276
-1.4987951807228903
-0.9903614457831313
-0.6048192771084331
0.8855421686747
1.6674698795180714
1.6590361445783124
1.4361445783132538
1.427710843373493
-1.2204819277108427
-0.6120481927710841
-0.1746987951807224
1.1698795180722907
1.3903614457831335
1.8614457831325293
0.8180722891566266
0.10963855421686652
1.4168674698795165
3.3590361445783135
3.4650602409638545
-0.03855421686747107
-4.7951807228915655
-4.827710843373492
-1.9963855421686745
0.17831325301204792
0.00963855421686688
0.5036144578313273
-0.893975903614459
-0.1361445783132531
-1.273493975903616
-2.5710843373493955
-3.0939759036144565
-4.408433734939759
-2.830120481927711
-4.425301204819277
-4.554216867469879
-3.115662650602408
-3.018072289156626
-2.3240963855421697
-4.233734939759039
-3.7289156626506035
-2.110843373493978
-0.5192771084337373
-0.9240963855421676
-0.19277108433734824
-1.131325301204818
-0.7698795180722868
-0.2542168674698786
-0.1867469879518069
-0.8650602409638566
-0.3072289156626482
-0.5963855421686759
-2.638554216867469
-1.5096385542168704
0.49277108433734895
-0.046987951807228256
-2.259036144578314
-2.7072289156626503
-3.297590361445785
-1.8891566265060256
-0.5108433734939766
0.2265060240963841
1.6855421686747007
-0.37228915662650763
-3.419277108433736
-3.922891566265058
-4.156626506024093
-6.074698795180723
-4.701204819277105
-2.8831325301204807
-2.2554216867469847
-1.4012048192771118
-0.6710843373493987
-0.24819277108433724
-1.4361445783132538
-2.1554216867469904
-0.6783132530120461
1.3024096385542165
2.3855421686747
3.454216867469878
3.1012048192771076
3.550602409638554
2.9759036144578346
3.2674698795180745
2.3746987951807235
1.8108433734939737
0.5506024096385538
0.7819277108433731
0.7385542168674668
1.0036144578313255
2.079518072289158
3.2951807228915655
3.983132530120482
2.595180722891566
1.6879518072289166
-0.08554216867469933
0.37228915662650763
-1.8192771084337345
-1.6590361445783124
-2.20843373493976
-2.8457831325301193
-1.35421686746988
0.20963855421686617
-0.9156626506024068
-1.8650602409638566
-4.220481927710843
-1.8626506024096372
-1.5277108433734945
-3.284337349397589
-2.3108433734939773
-1.7987951807228946
-0.6963855421686738
-0.15301204819277103
-0.29156626506023997
-3.1228915662650607
-5.518072289156628
-5.359036144578312
-3.2855421686746986
-2.1301204819277118
-0.743373493975902
-0.5216867469879531
-0.09999999999999787
0.9289156626506028
1.6626506024096415
2.8421686746987973
1.965060240963858
2.6096385542168683
3.026506024096385
3.167469879518073
3.815662650602409
3.8289156626506013
3.4915662650602393
2.3000000000000007
-0.6602409638554221
-2.913253012048191
-3.0783132530120483
-2.346987951807229
-1.444578313253011
-0.975903614457831
-0.036144578313251685
0.7855421686746986
1.8987951807228924
2.0253012048192787
0.36265060240964075
1.0771084337349421
1.1265060240963862
1.0132530120481924
-0.09156626506024068
0.45301204819277174
0.4855421686746979
0.37108433734939794
1.1746987951807242
1.4433734939759049
2.921686746987948
4.1253012048192765
4.61566265060241
5.221686746987952
4.883132530120481
5.5204819277108435
5.497590361445784
5.222891566265062
4.47951807228916
4.920481927710842
4.6975903614457835
2.6638554216867476
2.2855421686746986
3.578313253012052
3.1096385542168683
-1.2457831325301179
-1.985542168674698
-2.715662650602411
-3.579518072289158
-4.674698795180722
-3.669879518072289
-2.5686746987951814
-1.9939759036144586
-0.6289156626506021
0.9626506024096404
0.21927710843373482
-0.39879518072289066
0.14939759036144373
2.4325301204819265
0.3349397590361445
-2.0915662650602425
-1.5168674698795197
0.4481927710843383
3.040963855421687
2.5373493975903614
1.522891566265061
-0.09036144578313277
-0.70843373493976
0.23012048192770962
1.5987951807228917
2.0108433734939766
2.024096385542169
3.5445783132530124
2.8602409638554214
3.1602409638554203
1.5819277108433738
0.45662650602409727
1.4963855421686745
0.8674698795180706
1.283132530120481
1.2445783132530135
1.2313253012048193
0.25180722891566276
0.039759036144578985
-1.0650602409638559
-0.9530120481927717
0.1867469879518069
1.0638554216867462
1.702409638554217
1.2626506024096384
0.9421686746987952
0.8554216867469879
1.7867469879518074
-0.40843373493975843
-1.7385542168674704
-0.38554216867469826
0.47831325301204863
-0.41445783132530156
1.3831325301204815
0.34578313253012105
-0.2999999999999998
0.05301204819277139
1.1662650602409643
0.6807228915662655
1.0734939759036148
-0.2867469879518074
-0.22530120481927707
0.44096385542168726
0.20000000000000018
1.6240963855421695
1.8891566265060242
0.8048192771084342
0.046987951807229145
1.249397590361446
2.9048192771084334
0.8554216867469875
1.512048192771084
-0.4457831325301207
-2.4542168674698797
-2.4277108433734935
-1.072289156626506
-0.9855421686746988
-0.3289156626506027
0.16987951807228896
0.29879518072289146
1.6626506024096386
2.389156626506024
3.9638554216867474
3.837349397590362
3.8614457831325306
3.6686746987951806
2.301204819277109
1.1265060240963858
1.878313253012048
1.9518072289156625
1.357831325301205
3.551807228915663
3.5686746987951805
2.8012048192771086
2.862650602409639
