-4.263855421686747
-3.6373493975903615
-2.9349397590361446
-2.0783132530120483
-3.208433734939759
-2.6
-2.2987951807228915
-2.424096385542169
-1.5385542168674697
-1.0048192771084337
-0.7228915662650603
-0.863855421686747
-1.4506024096385541
-1.7108433734939759
-1.7096385542168675
0.43253012048192785
0.8831325301204818
0.7433734939759036
1.616867469879518
0.8433734939759034
1.3650602409638555
1.4734939759036145
1.1481927710843371
1.050602409638554
1.5771084337349395
3.5204819277108435
1.1951807228915663
3.219277108433735
4.445783132530121
5.078313253012048
3.5000000000000004
3.879518072289157
3.410843373493976
1.939759036144578
3.1072289156626502
0.5783132530120483
0.7036144578313253
1.274698795180723
0.8542168674698796
1.9698795180722897
-0.010843373493976127
0.9795180722891565
-0.2493975903614456
-0.41686746987951784
2.486746987951807
7.033734939759036
4.98433734939759
2.1578313253012045
2.1578313253012045
2.787951807228916
3.9819277108433737
4.156626506024097
5.7951807228915655
5.7614457831325305
5.510843373493976
4.8036144578313245
4.539759036144578
4.679518072289156
2.824096385542169
3.1180722891566264
1.660240963855422
0.16867469879518104
-1.5060240963855422
-0.5831325301204817
1.1385542168674698
3.459036144578313
2.563855421686747
2.674698795180724
4.095180722891567
5.345783132530121
4.002409638554217
5.906024096385543
5.165060240963856
5.201204819277109
3.4927710843373507
2.8759036144578314
1.6301204819277118
2.5168674698795197
3.862650602409639
5.580722891566266
5.98433734939759
5.204819277108433
3.662650602409638
2.7445783132530135
-3.710843373493976
-4.206024096385542
-3.1240963855421695
-1.6084337349397586
-0.15301204819277103
0.82289156626506
1.646987951807228
1.8072289156626518
0.33855421686747
1.9349397590361441
0.29277108433734966
-1.445783132530119
-0.42771084337349485
-0.3867469879518062
-3.209638554216868
-1.6120481927710841
0.15783132530120625
0.409638554216869
-1.532530120481928
-1.798795180722891
-2.0903614457831328
-1.5048192771084334
-1.9144578313253007
-4.1325301204819285
-3.540963855421687
-4.063855421686746
-3.4722891566265073
-3.3204819277108424
-3.412048192771085
-3.474698795180723
-1.63012048192771
-0.20963855421686617
0.26144578313252964
1.718072289156627
0.6096385542168665
0.6168674698795176
1.6590361445783142
3.565060240963856
2.4614457831325307
2.304819277108434
2.1722891566265083
1.903614457831324
1.3783132530120472
1.9096385542168672
2.403614457831326
2.40602409638554
1.9638554216867465
0.7265060240963823
1.7289156626506053
2.206024096385544
3.3915662650602414
4.169879518072289
4.974698795180721
3.2457831325301214
0.38433734939759034
1.1819277108433752
1.7759036144578317
0.8662650602409627
1.171084337349395
-0.610843373493978
-0.01927710843373731
-2.824096385542168
-1.992771084337349
-2.1313253012048197
-3.669879518072287
-3.0542168674698793
-1.586746987951809
-0.3650602409638566
-1.4072289156626496
-0.7963855421686752
-1.8385542168674682
-1.2096385542168697
-0.9072289156626532
-1.0469879518072283
-1.5590361445783145
-3.4072289156626496
-3.5975903614457856
-2.1891566265060227
-4.710843373493976
-3.6734939759036145
-3.3144578313252993
-2.572289156626507
-2.0192771084337373
-0.022891566265059282
-1.656626506024093
-1.0746987951807228
0.19879518072289315
-0.7831325301204828
-0.7554216867469847
-0.3012048192771104
0.22891566265059993
1.3518072289156642
1.4638554216867448
1.6445783132530103
1.5216867469879531
1.402409638554218
2.2855421686746986
1.4542168674698779
-1.8987951807228924
-3.749397590361447
-2.5240963855421654
-1.7325301204819255
-1.725301204819278
-3.2891566265060277
-1.549397590361444
0.6819277108433752
0.43855421686746965
-3.8963855421686766
-2.720481927710839
-1.6048192771084366
0.8831325301204807
0.8951807228915634
1.7879518072289144
2.7144578313253014
-0.027710843373494498
-0.5192771084337338
-0.2590361445783138
0.9915662650602393
2.35421686746988
2.8457831325301193
0.9096385542168655
-0.6156626506024097
-0.8650602409638566
-0.22048192771084274
0.9373493975903635
0.8722891566265076
1.0156626506024118
0.7891566265060206
1.1012048192771076
2.703614457831325
2.646987951807226
2.5084337349397607
1.8771084337349393
1.281927710843373
-3.059036144578311
-3.2855421686746986
-1.830120481927711
-1.4433734939759013
-0.22168674698795243
0.6000000000000014
0.22891566265060348
-0.93734939759036
-1.0578313253012048
-0.13493975903614341
-0.4903614457831331
-2.1734939759036145
-1.6325301204819276
0.015662650602408235
1.3289156626506013
-0.4084337349397593
0.3999999999999986
1.0397590361445772
1.3867469879518097
0.22168674698795243
-0.14698795180722968
1.2554216867469918
2.024096385542169
2.5638554216867497
1.8855421686747
0.5987951807228917
0.025301204819278666
1.06265060240964
-0.12289156626505715
0.42650602409638694
-0.4867469879518076
-1.1915662650602385
-2.1469879518072297
-1.4144578313253007
-0.8289156626506013
-1.0253012048192751
-1.1566265060240966
-0.378313253012049
-0.4746987951807249
-0.9843373493975918
-0.07831325301204473
-0.5168674698795179
1.1204819277108413
0.6975903614457835
1.3228915662650635
1.97951807228916
3.02048192771084
2.5975903614457856
1.5638554216867462
0.1855421686746972
-0.7216867469879489
-0.9903614457831296
-1.3457831325301193
-1.185542168674699
-0.7156626506024111
1.0204819277108417
1.925301204819279
2.3301204819277093
1.3313253012048207
0.20602409638554064
0.07108433734939901
-0.43734939759035996
0.5192771084337355
-0.9987951807228903
-1.0506024096385556
-0.7674698795180728
1.2349397590361448
3.108433734939757
4.083132530120482
4.248192771084337
3.740963855421686
3.637349397590361
2.7228915662650603
2.8096385542168676
3.0915662650602407
3.63012048192771
0.2987951807228928
-2.889156626506024
-2.2759036144578317
-1.7554216867469865
0.06024096385542066
0.5602409638554207
-1.3180722891566266
0.45662650602409727
1.5963855421686741
1.0674698795180717
2.5831325301204817
-0.5554216867469872
-1.9686746987951818
-3.348192771084337
-3.8602409638554205
-4.165060240963856
-4.753012048192772
-5.013253012048193
-5.0361445783132535
-4.897590361445784
-3.637349397590361
-1.257831325301206
-2.3445783132530114
-3.4132530120481936
-2.9084337349397584
-0.23855421686747036
0.5144578313253021
1.5783132530120483
2.2855421686746986
2.1831325301204814
4.2457831325301205
6.000000000000001
3.7530120481927716
0.766265060240964
1.1807228915662655
0.4734939759036152
0.11325301204819294
-1.1253012048192765
-1.359036144578313
-1.9
-2.375903614457831
-4.510843373493976
-3.1951807228915663
-2.553012048192771
-1.1506024096385543
-2.595180722891566
-4.244578313253013
-3.4879518072289155
0.054216867469879304
0.04578313253012034
0.4722891566265064
-2.472289156626506
-2.485542168674699
-0.9289156626506025
-2.9301204819277107
-3.6012048192771084
-3.0373493975903614
-2.810843373493976
-4.336144578313252
-4.2626506024096384
-3.4385542168674696
-2.431325301204819
-2.0987951807228913
-1.9734939759036143
-0.9216867469879517
-1.1481927710843376
-0.14216867469879513
-1.4481927710843374
-0.9313253012048195
1.3012048192771086
2.662650602409639
