-1.763855421686747
-2.6373493975903615
-4.134939759036144
-3.978313253012048
-3.4084337349397593
-1.4
0.9012048192771084
3.7759036144578317
3.16144578313253
2.495180722891566
3.47710843373494
5.0361445783132535
4.249397590361445
6.589156626506024
4.190361445783132
3.5325301204819275
3.0831325301204817
3.5433734939759036
3.916867469879518
2.0433734939759036
2.1650602409638555
2.273493975903614
4.348192771084337
4.250602409638554
5.5771084337349395
4.0204819277108435
1.295180722891566
2.0192771084337346
2.0457831325301203
0.9783132530120484
0.20000000000000018
-0.42048192771084336
0.010843373493975905
1.5397590361445785
1.6072289156626502
1.8783132530120485
2.103614457831325
3.074698795180723
1.9542168674698792
0.9698795180722892
0.689156626506024
0.3795180722891569
0.45060240963855414
0.7831325301204819
1.1867469879518073
0.4337349397590362
0.08433734939759008
-0.8421686746987955
0.9578313253012043
0.3879518072289163
2.0819277108433742
-0.14337349397590327
-1.8048192771084337
-3.7385542168674704
-4.489156626506024
-2.9963855421686754
-2.7602409638554217
-1.5204819277108435
-1.975903614457831
0.01807228915662673
-1.1397590361445786
-1.7313253012048189
-3.906024096385542
-4.183132530120481
-2.0614457831325304
-0.0409638554216869
-1.636144578313254
-1.9253012048192764
-1.604819277108433
-0.9542168674698788
0.10240963855421636
0.5060240963855422
0.26506024096385605
0.40120481927710827
0.69277108433735
2.3759036144578314
4.630120481927712
4.316867469879519
5.462650602409639
4.6807228915662655
2.8843373493975903
3.8048192771084324
1.862650602409639
-2.355421686746987
-3.3108433734939764
-3.7060240963855424
-5.1240963855421695
-5.608433734939759
-4.953012048192771
-2.7771084337349397
-2.0530120481927714
-0.992771084337349
-1.16144578313253
-2.565060240963856
-1.6072289156626507
-1.14578313253012
1.1722891566265048
1.5132530120481924
1.4903614457831313
-1.7120481927710838
-0.44216867469879517
-1.290361445783132
-2.532530120481928
-2.0987951807228917
-0.5903614457831328
-0.00481927710843344
-0.5144578313253003
0.06746987951807171
0.9590361445783131
1.2361445783132545
0.727710843373492
1.1795180722891576
1.2879518072289144
0.5253012048192769
-0.9301204819277107
-0.6096385542168665
1.3614457831325293
1.1180722891566255
0.9096385542168672
-0.2831325301204828
-1.040963855421687
-0.6349397590361452
0.7614457831325296
1.7048192771084345
2.072289156626507
0.8036144578313262
0.8783132530120472
1.209638554216868
0.9036144578313259
1.40602409638554
1.2638554216867472
-0.6734939759036163
-1.1710843373493969
-0.6939759036144562
0.6915662650602421
0.8698795180722882
1.774698795180722
1.7457831325301214
1.2843373493975925
1.0819277108433738
-1.7240963855421683
-1.433734939759038
0.2710843373493965
1.5891566265060213
3.4807228915662627
4.275903614457832
2.507228915662651
0.7686746987951807
1.330120481927711
1.9457831325301207
2.7132530120481917
3.1349397590361434
0.7927710843373497
-0.19638554216867732
0.7614457831325296
3.090361445783131
3.8927710843373475
4.653012048192771
5.540963855421687
4.692771084337348
0.7024096385542151
0.7108433734939759
-1.110843373493978
-2.473493975903615
-2.0144578313252985
-0.7722891566265062
0.8807228915662648
1.6771084337349436
0.44337349397590486
0.9253012048192772
1.2987951807228946
0.6168674698795193
0.14457831325301385
-1.8012048192771104
-0.37108433734939794
-1.2481927710843372
-0.6361445783132531
0.24457831325300816
1.6216867469879546
-2.597590361445782
-1.7144578313253014
-1.5457831325301221
-1.8987951807228924
-0.5493975903614441
0.9759036144578346
2.0674698795180753
0.17469879518072062
-2.989156626506027
-2.549397590361444
-2.018072289156624
-2.861445783132531
-3.8963855421686766
-5.120481927710841
-4.7048192771084345
-4.9168674698795165
-2.6048192771084366
-1.2120481927710856
-0.08554216867469933
0.1722891566265048
-1.6192771084337352
-3.759036144578314
-3.9084337349397593
-3.8457831325301193
-3.4542168674698814
-1.8903614457831317
-2.415662650602407
-2.565060240963856
-2.820481927710844
-0.6626506024096379
1.1722891566265083
1.8156626506024125
1.389156626506022
0.6012048192771076
0.9036144578313241
1.7469879518072275
3.1084337349397586
3.17710843373494
3.581927710843374
1.540963855421687
-0.1855421686746972
0.2698795180722904
0.6566265060241001
0.37831325301204544
1.0
2.2289156626506035
3.3626506024096408
3.5421686746987966
3.6650602409638573
4.209638554216866
5.3265060240963855
4.567469879518072
4.41566265060241
5.028915662650604
5.491566265060239
4.399999999999999
3.339759036144578
0.08674698795180902
-0.878313253012049
-2.6469879518072297
-2.744578313253008
-3.6759036144578303
-3.636144578313253
-1.6144578313253
-2.2012048192771054
-1.9746987951807213
-2.0373493975903614
-2.7228915662650586
-2.3734939759036138
-3.186746987951807
-2.891566265060238
-2.5469879518072283
-1.2144578313253014
-0.8289156626506013
-3.4253012048192772
-2.1566265060240966
-0.378313253012049
-0.8746987951807235
-2.284337349397589
-0.9783132530120469
-0.9168674698795201
0.7204819277108427
1.4975903614457842
2.022891566265063
2.779518072289161
2.920481927710842
1.3975903614457827
1.1638554216867476
-0.9144578313253007
-1.92168674698795
-3.1903614457831306
-3.0457831325301186
-3.985542168674698
-3.4156626506024104
-1.7795180722891573
-1.6746987951807224
-2.669879518072289
-3.0686746987951814
-2.893975903614459
-0.028915662650602414
0.6626506024096397
0.31927710843373447
-0.39879518072289066
-0.7506024096385566
-0.2674698795180728
2.0349397590361438
2.8084337349397597
3.6831325301204796
0.4481927710843383
-0.6590361445783142
0.23734939759036244
1.1228915662650607
2.509638554216867
2.0915662650602407
0.63012048192771
-3.701204819277108
-1.089156626506023
-1.5759036144578307
-1.1554216867469869
-1.7397590361445783
-1.1397590361445804
-2.418072289156626
-2.143373493975904
-2.703614457831325
-2.3325301204819286
-0.6168674698795176
1.3445783132530131
2.631325301204818
1.7518072289156628
2.4397590361445793
2.8349397590361445
3.0469879518072283
1.3867469879518062
0.3638554216867469
0.6024096385542155
1.5626506024096392
1.3421686746987938
-0.5445783132530115
-0.41325301204819365
1.0915662650602416
0.26144578313252964
-1.985542168674698
-1.821686746987952
-4.214457831325301
-6.016867469879518
-6.154216867469879
-4.7
-4.246987951807228
-1.8337349397590357
-3.2192771084337344
-3.426506024096385
-1.9867469879518072
-2.925301204819277
-3.0590361445783127
-4.2
-3.1759036144578308
-3.0108433734939757
-1.2951807228915664
-0.7530120481927711
-0.5506024096385542
0.6048192771084335
0.7554216867469878
0.012048192771084487
0.8542168674698791
0.8457831325301206
1.972289156626506
-1.172289156626506
0.4144578313253011
1.9710843373493976
0.769879518072289
1.6987951807228914
0.7626506024096387
2.389156626506024
1.963855421686747
3.4373493975903617
3.3614457831325306
2.1686746987951806
-1.0987951807228913
-0.4734939759036143
-0.6216867469879519
0.2518072289156623
-0.9421686746987951
-1.5481927710843373
-0.9313253012048195
-0.1987951807228916
0.8626506024096385
