4.236144578313253
1.4626506024096386
-0.13493975903614452
-1.8783132530120483
-2.9084337349397593
-3.1
-2.3987951807228916
-1.6240963855421686
-1.23855421686747
0.09518072289156632
2.47710843373494
0.03614457831325302
0.7493975903614458
-2.5108433734939757
-2.0096385542168678
-1.767469879518072
-1.716867469879518
0.04337349397590362
2.0168674698795184
0.34337349397590344
2.265060240963855
1.7734939759036144
3.3481927710843373
3.8506024096385536
1.4771084337349398
1.3204819277108435
2.5951807228915658
0.6192771084337347
0.8457831325301206
1.9783132530120484
2.9
1.2795180722891564
0.8108433734939757
1.0397590361445785
0.7072289156626508
2.3783132530120485
3.203614457831325
2.874698795180723
3.75421686746988
3.0698795180722893
1.8891566265060238
2.6795180722891567
2.8506024096385545
3.2831325301204823
4.386746987951808
2.2337349397590365
3.0843373493975905
3.3578313253012047
5.557831325301204
2.787951807228916
1.881927710843374
2.156626506024097
2.9951807228915666
3.0614457831325295
-0.689156626506024
0.5036144578313246
-1.4602409638554215
1.6795180722891567
-0.27590361445783085
-0.18192771084337345
-0.13975903614457863
0.2686746987951807
-0.006024096385542244
-1.5831325301204817
1.0385542168674702
-1.7409638554216866
-3.3361445783132537
-1.1253012048192765
-1.7048192771084336
-1.5542168674698793
-1.0975903614457838
0.006024096385542244
-1.234939759036144
-2.6987951807228914
-1.30722891566265
-3.1240963855421686
-0.5698795180722884
2.1168674698795193
0.26265060240963933
-2.919277108433734
-1.9156626506024095
-1.7951807228915673
0.26265060240963933
0.14457831325301385
2.6891566265060245
1.2939759036144576
-3.024096385542169
-3.9084337349397593
-4.253012048192771
-5.37710843373494
-1.153012048192771
3.3072289156626518
2.4385542168674714
2.1349397590361434
2.2927710843373497
3.6542168674698807
4.072289156626505
3.9132530120481928
0.590361445783131
-1.1120481927710841
0.8578313253012055
1.0096385542168687
1.2674698795180728
-3.8987951807228907
-3.6903614457831324
-1.9048192771084338
0.9855421686746997
1.3674698795180706
0.4590361445783131
-0.06385542168674618
0.9277108433734931
-0.42048192771084203
-1.2120481927710856
-0.774698795180722
-2.0301204819277103
-1.9096385542168672
-0.5385542168674711
0.31807228915662655
1.0096385542168669
1.016867469879518
1.5590361445783127
1.2650602409638552
1.3614457831325293
1.6048192771084349
2.6722891566265083
4.203614457831325
3.178313253012048
2.709638554216868
2.103614457831325
-0.29397590361445936
-1.7361445783132528
-2.5734939759036166
-1.8710843373493962
-2.293975903614456
-4.508433734939759
-4.13012048192771
-2.0253012048192787
-2.6542168674698807
-1.315662650602409
-3.1180722891566255
-3.4240963855421693
-2.5337349397590394
-1.7289156626506035
-0.8108433734939773
0.18072289156626553
-1.3240963855421697
-0.39277108433734753
1.0686746987951814
3.030120481927714
1.7457831325301214
-1.586746987951809
-3.3650602409638566
-2.107228915662649
-2.296385542168675
-2.138554216867469
-3.10963855421687
-2.6072289156626525
-1.4469879518072268
-0.8590361445783152
-0.8072289156626518
-2.5975903614457856
-4.089156626506025
-5.810843373493977
-5.273493975903614
-4.6144578313253
-3.6722891566265083
-3.0192771084337373
-1.9228915662650579
-0.9566265060240937
0.3253012048192758
1.3987951807228924
2.016867469879518
1.544578313253016
-5.701204819277111
-7.271084337349398
-4.548192771084338
-1.4361445783132538
0.24457831325300816
0.8216867469879539
1.1024096385542173
1.6855421686746972
2.35421686746988
1.6012048192771076
-1.8493975903614448
-2.124096385542167
-2.132530120481924
-1.8253012048192794
-0.5891566265060248
0.25060240963855307
1.281927710843373
1.5385542168674675
1.3036144578313227
1.8795180722891587
1.8951807228915634
1.483132530120482
0.7951807228915655
1.5879518072289152
-0.18554216867470075
0.37228915662650763
2.080722891566264
2.9409638554216855
2.9915662650602393
4.054216867469879
2.8457831325301193
2.9096385542168655
2.684337349397591
3.2349397590361413
3.9795180722891565
3.0373493975903614
1.572289156626507
0.7156626506024111
0.9891566265060234
1.5012048192771061
2.6036144578313234
2.0469879518072283
1.808433734939758
1.67710843373494
1.381927710843371
-0.1590361445783124
-2.2855421686746986
-1.7301204819277096
-0.24337349397590202
0.6783132530120461
0.40000000000000213
0.6289156626506021
0.36265060240964075
-0.1578313253012027
-0.4349397590361441
-3.3903614457831317
-2.973493975903615
-2.732530120481929
-1.0843373493975896
-1.2710843373493965
-1.0084337349397607
-0.5
0.43975903614457934
0.586746987951809
1.3216867469879539
1.3530120481927703
-1.5445783132530089
-3.1759036144578303
-3.0361445783132517
-5.0144578313253
-3.4012048192771083
-1.774698795180722
-1.93734939759036
-2.122891566265057
-3.1734939759036145
-2.0867469879518055
-2.79156626506024
-1.9469879518072304
-0.7144578313253014
-2.128915662650602
-0.9253012048192772
-0.9566265060240973
-1.7783132530120511
-2.5746987951807245
-2.284337349397589
-2.778313253012046
-2.1168674698795193
-1.4795180722891565
-1.6024096385542173
-2.777108433734938
-3.02048192771084
-1.97951807228916
-2.1024096385542155
-2.2361445783132545
-3.014457831325302
-2.92168674698795
-2.1903614457831306
-0.3457831325301193
-3.3855421686746983
-5.015662650602412
-3.4795180722891583
-1.3746987951807217
0.5301204819277121
0.9313253012048186
1.606024096385541
1.9710843373493976
3.262650602409641
2.119277108433735
2.3012048192771104
3.2493975903614434
4.132530120481926
2.234939759036145
2.7084337349397583
1.4831325301204803
1.1481927710843376
1.3409638554216858
0.8373493975903621
1.2228915662650603
1.4096385542168672
1.3915662650602414
0.8301204819277093
1.0987951807228917
0.21084337349397586
-1.475903614457831
-2.155421686746987
-2.1397590361445786
-1.4397590361445793
0.48192771084337416
0.45662650602409727
3.1963855421686755
2.6674698795180714
0.8831325301204824
1.4445783132530128
-0.8686746987951821
-2.1481927710843376
-5.46024096385542
-4.965060240963856
-1.3530120481927712
-0.7132530120481935
-2.136144578313253
-1.297590361445784
1.0626506024096392
2.542168674698795
3.355421686746988
2.7867469879518074
2.191566265060241
3.7614457831325305
4.114457831325303
1.2783132530120485
-2.514457831325301
-0.6168674698795185
-1.654216867469879
-4.3999999999999995
-3.5469879518072287
-3.233734939759036
-2.419277108433734
-0.22650602409638498
2.813253012048193
3.3746987951807235
0.3409638554216867
0.09999999999999964
-1.7759036144578308
-2.410843373493976
-1.8951807228915662
-1.7530120481927711
-3.3506024096385545
-2.7951807228915664
-1.8445783132530122
-0.0879518072289156
0.3542168674698791
-1.1542168674698796
-1.7277108433734938
-0.37228915662650586
-1.3855421686746987
-2.1289156626506025
-1.930120481927711
2.3987951807228916
3.662650602409638
4.389156626506024
2.6638554216867467
-0.2626506024096382
1.3614457831325302
3.068674698795181
3.801204819277109
2.0265060240963853
3.3783132530120485
3.951807228915662
1.657831325301205
-0.3481927710843373
-0.6313253012048194
-2.3987951807228916
-0.9373493975903614
