-0.463855421686747
0.9626506024096386
0.46506024096385556
-0.07831325301204828
-0.3084337349397591
-0.20000000000000007
1.3012048192771086
2.3759036144578314
2.36144578313253
4.195180722891566
5.67710843373494
7.436144578313254
7.6493975903614455
6.6891566265060245
3.4903614457831322
2.3325301204819278
0.48313253012048185
-0.8566265060240963
0.016867469879518038
0.1433734939759035
1.1650602409638553
0.5734939759036144
1.0481927710843375
3.050602409638554
3.0771084337349395
2.8204819277108433
3.295180722891566
1.319277108433735
3.4457831325301207
2.0783132530120483
-0.5999999999999999
-1.2204819277108434
-0.7891566265060241
0.03975903614457854
-0.5927710843373495
-0.6216867469879519
-2.396385542168675
-3.8253012048192767
-2.1457831325301204
0.5698795180722893
-2.010843373493976
-0.42048192771084336
-0.2493975903614456
0.08313253012048216
-0.7132530120481926
0.3337349397590361
-0.51566265060241
1.8578313253012047
1.1578313253012045
0.8879518072289163
-1.118072289156626
-0.8433734939759034
-2.2048192771084336
-3.7385542168674704
-4.389156626506024
-2.8963855421686753
-1.0602409638554215
-0.02048192771084345
0.12409638554216862
1.3180722891566266
-0.3397590361445779
-3.431325301204819
-4.006024096385542
-4.283132530120482
-2.5614457831325304
-1.7409638554216866
-2.5361445783132535
-3.2253012048192766
-4.104819277108433
-3.9542168674698788
-4.597590361445784
-4.693975903614458
-3.4349397590361437
-0.8987951807228916
-0.5072289156626493
-0.42409638554216844
-0.9698795180722888
-0.38313253012048065
-0.03734939759036138
0.5807228915662659
1.8843373493975903
2.604819277108433
1.7626506024096393
1.5445783132530124
2.089156626506023
1.8939759036144572
-1.3240963855421697
-2.1084337349397586
-2.953012048192771
-3.17710843373494
-4.953012048192772
-2.1927710843373482
-3.661445783132529
-2.765060240963856
-1.7072289156626503
0.05421686746988108
1.7722891566265044
2.2132530120481935
1.6903614457831324
2.387951807228916
1.8578313253012055
1.0096385542168687
1.967469879518072
-0.19879518072289137
-0.6903614457831324
0.19518072289156585
0.685542168674699
2.267469879518071
3.1590361445783124
3.7361445783132545
3.5277108433734927
2.579518072289158
0.8879518072289159
1.025301204819277
-0.23012048192770962
1.0903614457831328
0.26144578313252964
0.9180722891566262
0.10963855421686652
0.4168674698795165
0.15903614457831416
-0.33493975903614626
-2.4385542168674714
-1.7951807228915655
-0.227710843373492
0.30361445783132623
1.0783132530120483
0.6096385542168665
-0.7963855421686734
-1.2939759036144594
0.06385542168674618
-1.5734939759036166
-1.0710843373493955
0.8060240963855421
0.49156626506023926
0.46987951807228967
0.17469879518072062
1.14578313253012
-0.11566265060240966
-2.018072289156626
-2.7240963855421683
-2.133734939759039
-0.1289156626506056
0.5891566265060213
0.08072289156626411
0.8759036144578332
0.30722891566265176
-0.03132530120482002
-0.7698795180722868
0.14578313253011999
2.1132530120481903
2.6349397590361434
1.492771084337349
0.10361445783132339
2.4614457831325325
4.49036144578313
5.592771084337347
6.2530120481927725
6.740963855421686
6.29277108433735
6.8024096385542165
7.510843373493977
8.089156626506025
8.626506024096386
3.785542168674702
3.1277108433734924
1.7807228915662634
1.5771084337349421
2.943373493975905
2.6253012048192765
0.49879518072289386
-0.8831325301204807
-4.755421686746985
-4.101204819277111
-4.971084337349399
-5.148192771084336
-4.7361445783132545
-3.455421686746991
-1.4783132530120469
-2.097590361445782
-0.3144578313253028
-2.345783132530123
-4.898795180722892
-4.849397590361445
-1.9240963855421676
-1.632530120481924
-1.725301204819278
-2.089156626506025
-4.6493975903614455
-3.718072289156627
-3.361445783132531
-2.8963855421686766
-1.3204819277108406
-0.7048192771084345
0.5831325301204835
1.9951807228915648
2.4879518072289137
-1.985542168674698
-0.5277108433734945
-0.6192771084337352
-1.959036144578313
-2.9084337349397593
-2.2457831325301214
-1.0542168674698793
-0.7903614457831338
0.9843373493975918
0.4349397590361441
1.4795180722891565
-0.2626506024096358
0.2722891566265062
-0.5843373493975896
0.0891566265060213
1.1012048192771076
1.903614457831324
-0.45301204819277174
-1.4915662650602393
-2.0228915662650593
-1.718072289156627
-0.4590361445783131
-0.5855421686746993
-0.03012048192771033
0.6566265060241001
-2.2216867469879524
-2.8999999999999986
-4.871084337349398
-3.43734939759036
-2.4578313253012034
-2.1349397590361434
-0.6903614457831324
-0.7734939759036159
-0.4325301204819283
-1.184337349397591
-0.8710843373493979
-1.9084337349397593
-0.3000000000000007
-0.06024096385542066
-1.3132530120481931
-2.2783132530120476
-2.1469879518072297
-1.444578313253011
-3.1759036144578303
-2.4361445783132503
-2.4144578313253007
-2.801204819277107
-5.474698795180721
-3.93734939759036
-1.4228915662650579
-1.4734939759036152
-3.186746987951807
-3.6915662650602385
-4.846987951807229
-3.7144578313253014
-4.128915662650602
-3.725301204819276
-3.6566265060240966
-4.278313253012051
-2.974698795180725
-2.684337349397591
-3.0783132530120465
-2.8168674698795186
-3.379518072289157
-5.002409638554218
-4.977108433734937
-4.52048192771084
-3.8795180722891587
-2.002409638554216
-2.336144578313254
-3.6144578313253017
-3.1216867469879492
-2.590361445783131
-0.6457831325301182
-0.685542168674699
-0.5156626506024118
-0.17951807228915762
-1.5746987951807228
-2.7698795180722886
-3.168674698795181
-3.4939759036144586
-1.5289156626506024
-0.8373493975903603
-0.3807228915662648
0.9012048192771083
0.24939759036144338
-0.06746987951807348
-0.8650602409638548
-0.6915662650602421
0.38313253012048065
1.1481927710843376
1.3409638554216858
-0.7626506024096376
-2.17710843373494
-1.9903614457831331
0.3915662650602414
1.3301204819277093
1.5987951807228917
0.010843373493976571
0.024096385542168974
-0.4554216867469876
-1.1397590361445786
-0.6397590361445804
0.18192771084337345
1.2566265060240962
1.4963855421686745
-1.032530120481928
-0.5168674698795179
-0.05542168674698722
-0.668674698795181
0.05180722891566347
2.039759036144579
0.3349397590361445
-0.05301204819277139
1.4867469879518058
-0.5361445783132535
0.4024096385542162
2.7626506024096384
5.342168674698794
5.155421686746989
4.086746987951806
3.491566265060242
4.2614457831325305
5.014457831325301
4.078313253012048
2.0855421686746984
1.0831325301204817
-1.0542168674698793
-0.5
-3.0469879518072287
-3.033734939759036
-3.519277108433734
-2.726506024096385
-1.0867469879518072
0.8746987951807235
-0.9590361445783131
-2.2
-1.2759036144578308
-0.41084337349397604
-0.5951807228915662
-0.5530120481927709
1.4493975903614453
-0.0951807228915662
0.3554216867469875
-0.4879518072289155
1.7542168674698795
4.24578313253012
4.772289156626506
4.327710843373493
3.914457831325301
2.7710843373493974
1.0698795180722893
1.3987951807228916
3.4626506024096386
3.789156626506024
3.4638554216867474
4.037349397590361
2.56144578313253
5.068674698795181
4.801204819277109
4.626506024096386
4.178313253012048
-0.6481927710843376
-4.242168674698795
-6.048192771084338
-6.4313253012048195
-5.098795180722892
-3.337349397590361
