3.6361445783132527
3.862650602409639
2.6650602409638555
1.3216867469879516
2.3915662650602405
1.9
1.8012048192771086
1.8759036144578314
2.26144578313253
2.6951807228915663
1.7771084337349394
1.436144578313253
1.9493975903614458
3.289156626506024
4.090361445783133
4.732530120481927
4.783132530120482
2.243373493975904
3.116867469879518
1.8433734939759037
2.765060240963855
0.8734939759036144
-0.051807228915662584
-0.5493975903614459
1.6771084337349396
-0.07951807228915664
-0.9048192771084339
-1.8807228915662653
-1.4542168674698794
-0.9216867469879517
-1.4
-2.2204819277108436
-1.689156626506024
-1.7602409638554217
-0.7927710843373494
-1.5216867469879518
-0.7963855421686747
-0.5253012048192769
0.6542168674698794
-0.2301204819277105
-0.21084337349397586
1.9795180722891565
2.8506024096385545
4.183132530120481
5.686746987951807
5.233734939759037
5.5843373493975905
7.657831325301205
5.157831325301205
3.8879518072289163
5.081927710843374
4.256626506024096
4.495180722891567
3.46144578313253
4.110843373493975
4.5036144578313255
4.4397590361445785
3.079518072289156
3.4240963855421693
3.5180722891566267
2.0602409638554215
1.668674698795181
2.9939759036144578
4.816867469879519
1.5385542168674702
2.959036144578313
3.2638554216867464
2.274698795180724
-1.904819277108433
-4.154216867469879
-2.797590361445784
-2.2939759036144576
-0.734939759036144
3.201204819277109
1.5927710843373504
2.975903614457831
4.130120481927712
2.91686746987952
1.0626506024096383
-0.6192771084337343
-2.7156626506024093
-4.895180722891568
-4.637349397590361
-4.2554216867469865
-4.210843373493976
-2.9060240963855417
0.3759036144578314
3.0915662650602407
3.6469879518072297
2.5228915662650593
3.146987951807228
2.2072289156626503
2.7385542168674704
4.234939759036143
3.1927710843373482
1.7542168674698804
-1.127710843373496
-0.6867469879518069
-0.8096385542168676
-2.0120481927710827
-3.042168674698795
-3.4903614457831313
-6.232530120481927
-4.798795180722891
-5.090361445783132
-3.2048192771084345
-3.0144578313253003
-2.1325301204819294
-1.540963855421687
-1.9638554216867465
-0.07228915662650692
0.27951807228915726
0.6879518072289148
2.225301204819278
3.0698795180722893
3.990361445783133
1.5614457831325286
-0.8819277108433745
-1.4903614457831331
-2.8831325301204824
-1.9409638554216873
-1.5349397590361455
-0.7385542168674704
1.0048192771084352
-0.027710843373492722
-0.09638554216867412
-0.021686746987951366
1.3096385542168658
2.2036144578313266
3.2060240963855406
4.263855421686747
4.926506024096385
5.528915662650602
4.4060240963855435
3.8915662650602414
0.8698795180722882
-0.8253012048192776
-0.9542168674698797
0.8843373493975903
3.3819277108433745
3.2759036144578317
3.2662650602409613
0.7710843373493965
-1.4108433734939787
-1.0192771084337373
-0.22409638554216826
-0.5927710843373468
-2.1313253012048197
-1.969879518072288
-0.7542168674698786
-1.086746987951809
-0.5650602409638559
0.49277108433734895
2.0036144578313255
3.4614457831325325
4.590361445783131
4.592771084337347
1.4530120481927717
1.7409638554216862
2.2927710843373497
2.002409638554216
-2.089156626506025
-3.610843373493976
-2.8734939759036138
-3.214457831325298
-3.472289156626509
-3.0192771084337373
-2.3228915662650564
-1.3566265060240958
-0.07469879518072275
1.1987951807228932
2.216867469879517
2.4445783132530146
0.8987951807228889
0.7289156626505999
1.7518072289156628
2.1638554216867476
1.6445783132530103
2.521686746987953
2.7024096385542187
1.6855421686746972
2.2542168674698786
1.8012048192771068
-1.1493975903614455
-0.22409638554216826
0.26746987951807455
0.774698795180722
-1.0891566265060248
-2.049397590361444
-2.518072289156624
-0.5614457831325304
0.2036144578313248
0.9795180722891601
0.6951807228915641
-2.1168674698795193
-3.504819277108435
-2.3120481927710834
-1.0855421686746993
0.37228915662650763
1.3807228915662648
3.040963855421687
4.29156626506024
4.254216867469879
3.9457831325301207
4.709638554216866
3.8843373493975903
2.6349397590361434
2.3795180722891587
0.9373493975903635
0.7722891566265062
1.8156626506024125
1.6891566265060227
0.40120481927710827
1.8036144578313262
-0.9530120481927717
0.8084337349397579
1.3771084337349393
1.881927710843371
2.040963855421687
3.1144578313253035
4.96987951807229
6.456626506024097
7.178313253012046
7.0
5.7289156626506035
4.762650602409639
4.442168674698795
3.965060240963858
3.709638554216866
0.5265060240963848
1.267469879518071
0.815662650602409
1.128915662650602
2.5915662650602407
4.0
3.2397590361445765
2.2867469879518083
1.7216867469879524
1.5530120481927696
-2.3445783132530096
-3.1759036144578303
-1.9361445783132503
-0.31445783132529925
1.0987951807228917
2.6253012048192765
2.2626506024096393
-0.022891566265059282
-0.4734939759036152
-0.08674698795180547
-1.5915662650602407
-0.5469879518072283
0.1855421686746972
1.5710843373493972
-0.3253012048192758
-1.0566265060240951
-4.378313253012051
-4.774698795180726
-4.08433734939759
-2.178313253012046
-1.41686746987952
-1.2795180722891573
-1.0024096385542158
-1.2771084337349379
-1.2204819277108392
-1.5795180722891597
-1.4024096385542162
-0.7361445783132545
-0.6144578313253
-0.3216867469879503
-0.3903614457831299
-0.4457831325301189
0.11445783132530174
-0.7156626506024111
-0.7795180722891573
-2.274698795180722
-1.5698795180722893
-2.7686746987951807
-1.7939759036144594
-0.6289156626506021
-0.2373493975903589
-1.6807228915662655
-1.4987951807228903
-1.2506024096385566
-0.2674698795180728
-0.06506024096385588
0.8084337349397579
-1.216867469879519
-0.051807228915661696
0.14096385542168655
1.7373493975903624
2.022891566265061
0.709638554216868
-0.70843373493976
-1.86987951807229
-1.3012048192771086
-1.6891566265060245
0.024096385542168974
0.044578313253012425
-1.2397590361445783
-1.1397590361445804
-0.7180722891566251
1.056626506024097
-0.8036144578313245
-1.032530120481928
-0.8168674698795186
0.14457831325301385
1.2313253012048193
2.0518072289156635
0.6397590361445804
-0.46506024096385623
-2.353012048192771
-2.9132530120481936
-1.136144578313253
0.0024096385542158316
1.0626506024096392
-1.4578313253012052
-1.644578313253012
-3.113253012048193
-2.808433734939759
-1.83855421686747
-1.485542168674698
-3.9216867469879517
-4.414457831325302
-5.316867469879519
-6.45421686746988
-6.0
-5.046987951807229
-2.633734939759036
-1.0192771084337346
-0.42650602409638516
-1.886746987951807
-1.7253012048192766
-3.659036144578313
-2.4
-0.5759036144578307
-1.810843373493976
-0.895180722891566
0.5469879518072291
-1.6506024096385543
-3.1951807228915663
-4.044578313253012
-3.5879518072289156
-4.245783132530121
-1.8542168674698796
-2.0277108433734936
-1.572289156626506
-0.18554216867469853
1.7710843373493974
1.3698795180722891
0.09879518072289173
1.1626506024096386
0.389156626506024
-0.23614457831325297
-0.6626506024096384
1.26144578313253
-1.6313253012048192
-2.8987951807228916
-2.9734939759036143
-2.621686746987952
-2.2481927710843377
0.257831325301205
1.9518072289156625
2.8686746987951803
3.1012048192771084
3.562650602409639
