4.836144578313252
3.862650602409639
3.265060240963856
2.4216867469879517
2.191566265060241
0.9999999999999999
1.7012048192771085
2.8759036144578314
3.0614457831325304
1.7951807228915664
1.9771084337349396
2.136144578313253
1.4493975903614458
-0.4108433734939759
-0.3096385542168676
1.032530120481928
3.1831325301204823
3.943373493975903
2.4168674698795183
1.6433734939759035
0.7650602409638554
0.6734939759036145
0.24819277108433724
-0.3493975903614458
0.37710843373493974
0.7204819277108434
2.795180722891566
0.01927710843373487
2.2457831325301205
-2.021686746987952
-4.1
-4.0204819277108435
-1.189156626506024
0.5397590361445785
2.5072289156626506
4.478313253012049
3.3036144578313253
0.0746987951807232
0.45421686746987966
-2.0301204819277108
-2.610843373493976
-2.120481927710843
-2.9493975903614458
-3.116867469879518
-2.6132530120481925
-2.566265060240964
-1.91566265060241
-0.6421686746987953
0.25783132530120456
-0.41204819277108395
1.5819277108433742
1.8566265060240963
0.9951807228915666
-0.13855421686747027
-1.2891566265060241
-0.3963855421686753
-0.1602409638554212
1.0795180722891562
1.9240963855421693
1.718072289156626
2.960240963855421
2.2686746987951807
2.2939759036144576
1.516867469879518
-1.8614457831325302
-1.3409638554216867
-2.0361445783132535
-0.42530120481927636
0.9951807228915666
2.6457831325301218
2.6024096385542164
3.106024096385542
3.765060240963856
4.501204819277108
2.2927710843373497
-0.8240963855421679
-3.169879518072289
-3.4831325301204803
0.26265060240963933
-1.0192771084337338
-1.4156626506024095
-1.2951807228915673
0.6626506024096379
0.34457831325301314
-0.3108433734939755
-0.30602409638554207
-0.024096385542168974
0.5915662650602407
1.0469879518072283
1.4228915662650596
1.7469879518072275
1.6072289156626507
2.33855421686747
3.434939759036144
3.1927710843373482
3.554216867469881
1.1722891566265048
-1.3867469879518062
0.6903614457831324
0.6879518072289166
1.5578313253012048
0.6096385542168683
0.6674698795180731
-0.9987951807228903
-0.3903614457831317
-1.104819277108433
-3.2144578313253014
-2.232530120481929
-2.8409638554216876
-3.2638554216867455
-2.772289156626508
-0.3204819277108424
-0.9120481927710848
-0.3746987951807217
0.6698795180722907
0.4903614457831331
-0.3385542168674718
0.11807228915662549
0.6096385542168665
2.216867469879517
1.959036144578313
2.365060240963853
3.0614457831325286
2.004819277108435
2.272289156626506
0.8036144578313262
1.2783132530120493
0.5096385542168669
1.2036144578313266
1.7060240963855406
2.2638554216867472
2.8265060240963837
3.2289156626506053
1.7060240963855442
1.191566265060242
1.069879518072291
-1.6253012048192783
-1.0542168674698793
-1.6156626506024079
-1.218072289156627
-1.4240963855421693
0.16626506024095988
1.0710843373493972
1.389156626506022
1.2807228915662634
1.975903614457831
2.907228915662653
3.0686746987951814
3.830120481927711
3.9457831325301207
4.11325301204819
5.5349397590361455
5.992771084337349
4.203614457831325
2.2614457831325296
1.6903614457831289
1.6927710843373482
1.8530120481927703
0.34096385542168406
0.6927710843373482
-0.3975903614457863
-0.38915662650602556
-0.3108433734939773
-0.2734939759036159
-2.1144578313253
-1.572289156626507
0.2807228915662634
1.1771084337349436
1.7433734939759056
-2.8746987951807235
-3.801204819277107
-2.8831325301204807
-2.455421686746984
-2.7012048192771125
-1.871084337349398
-1.1481927710843358
-0.7361445783132545
-0.45542168674699113
-1.1783132530120461
-0.597590361445782
1.0855421686746993
2.154216867469877
2.801204819277107
3.8506024096385545
5.0759036144578324
4.7674698795180745
1.6746987951807206
1.1108433734939744
1.450602409638556
1.0819277108433738
0.03855421686746752
-0.0963855421686759
-0.5204819277108399
1.5951807228915662
2.1831325301204814
1.2951807228915655
1.4879518072289137
2.1144578313253
2.572289156626507
2.6807228915662655
4.140963855421688
3.5915662650602407
0.35421686746988
-1.2542168674698821
-1.1903614457831324
-0.21566265060240752
1.6349397590361434
3.579518072289158
-0.3626506024096372
-0.4277108433734931
0.7156626506024111
0.6891566265060227
0.10120481927710756
0.8036144578313262
0.7469879518072275
1.1084337349397586
2.17710843373494
3.281927710843373
2.940963855421689
2.9144578313253007
4.0698795180722875
1.0566265060240987
0.7783132530120476
-2.6999999999999993
-2.7710843373493965
-2.3373493975903585
-0.6578313253012027
-1.034939759036142
-1.4903614457831331
-0.4734939759036152
0.9674698795180738
-0.38433734939759034
-1.5710843373493972
-0.4084337349397593
-0.5
0.13975903614457863
0.7867469879518083
1.7216867469879524
1.0530120481927696
2.055421686746989
-1.0759036144578324
-0.43614457831325026
0.8855421686747
1.5987951807228917
-0.17469879518072062
-2.0373493975903614
-4.122891566265059
-1.9734939759036152
-1.2867469879518083
0.20843373493976003
0.8530120481927703
1.6855421686746972
2.2710843373493965
1.774698795180722
1.9433734939759049
1.8216867469879503
2.6253012048192765
2.0156626506024082
1.7216867469879524
0.9831325301204821
-0.27951807228915726
-0.30240963855421654
0.32289156626506355
-0.6204819277108413
-0.1795180722891594
2.0975903614457856
2.1638554216867476
2.985542168674698
3.278313253012051
1.409638554216869
1.1542168674698807
1.2144578313253032
0.7843373493975889
1.0204819277108417
0.02530120481927689
1.530120481927712
-0.0686746987951814
-1.893975903614459
-3.928915662650601
-4.03734939759036
-3.6807228915662655
-1.798795180722891
-0.4506024096385559
0.23253012048192723
0.4349397590361441
1.008433734939759
1.4831325301204803
1.4481927710843383
1.8409638554216858
0.23734939759036244
-2.477108433734939
-4.690361445783132
-4.708433734939759
-1.7698795180722904
0.9987951807228921
1.2108433734939759
0.9240963855421693
3.944578313253013
4.060240963855421
2.5602409638554207
2.3819277108433745
2.856626506024096
3.4963855421686745
2.767469879518071
2.8831325301204824
3.5445783132530124
3.331325301204819
3.151807228915663
3.6397590361445804
1.734939759036143
2.2469879518072293
1.2867469879518065
-0.6361445783132531
-0.49759036144578417
-0.8373493975903612
-0.35783132530120554
-1.444578313253012
-0.5132530120481933
-1.508433734939758
-1.33855421686747
-3.285542168674698
-2.3216867469879516
-2.014457831325301
-3.716867469879518
-4.254216867469879
-4.1
-3.346987951807229
-1.0337349397590359
-2.3192771084337345
-3.6265060240963853
-3.386746987951807
-3.3253012048192767
-3.859036144578313
-4.4
-2.975903614457831
-1.7108433734939759
-0.7951807228915664
1.9469879518072286
0.749397590361446
-1.3951807228915662
-2.8445783132530122
-1.0879518072289156
0.9542168674698788
1.24578313253012
-0.7277108433734938
0.42771084337349397
0.6144578313253013
-0.5289156626506026
-0.6301204819277109
-0.6012048192771084
-3.337349397590361
-1.310843373493976
-0.33614457831325284
-1.4626506024096382
-2.13855421686747
-3.7313253012048193
-3.3987951807228916
-2.373493975903614
-1.9216867469879517
-1.7481927710843377
1.9578313253012047
2.351807228915663
2.16867469879518
-0.0987951807228915
-1.6373493975903615
