-1.763855421686747
-0.03734939759036138
-0.3349397590361445
-0.3783132530120483
0.5915662650602409
3.1999999999999997
4.701204819277108
4.675903614457831
2.86144578313253
3.1951807228915663
4.17710843373494
5.236144578313253
3.4493975903614458
-0.11084337349397588
-2.0096385542168678
-2.267469879518072
-1.8168674698795182
-0.9566265060240964
-0.2831325301204819
1.1433734939759035
1.5650602409638552
0.7734939759036144
2.7481927710843372
3.250602409638554
4.47710843373494
4.5204819277108435
3.1951807228915663
0.419277108433735
2.1457831325301204
2.378313253012048
0.30000000000000027
-0.7204819277108434
-1.189156626506024
-1.3602409638554216
0.20722891566265078
2.978313253012048
2.8036144578313253
5.8746987951807235
4.95421686746988
4.569879518072289
4.189156626506024
2.6795180722891567
2.950602409638554
4.283132530120483
3.786746987951807
3.5337349397590363
2.8843373493975903
2.557831325301205
3.8578313253012047
2.787951807228916
2.9819277108433737
2.656626506024097
4.595180722891566
4.0614457831325295
0.010843373493975683
-1.9963855421686754
-2.9602409638554215
-4.420481927710844
-3.375903614457831
-4.481927710843373
-3.8397590361445784
-2.631325301204819
1.2939759036144576
4.016867469879518
3.2385542168674695
1.959036144578313
1.0638554216867462
2.3746987951807235
1.4951807228915666
2.1457831325301218
2.4024096385542153
4.606024096385542
2.0650602409638568
2.201204819277109
1.7927710843373497
0.7759036144578317
0.6301204819277118
3.41686746987952
2.9626506024096386
2.3807228915662666
4.684337349397591
4.004819277108432
4.162650602409638
4.044578313253012
2.6891566265060245
1.3939759036144572
0.07590361445783067
-0.20843373493975825
-0.7530120481927707
0.42289156626505964
0.6469879518072279
0.8072289156626518
1.4385542168674714
0.13493975903614341
0.992771084337349
0.15421686746988073
-1.3277108433734952
-0.28674698795180653
1.290361445783132
0.38795180722891587
-0.7421686746987941
0.409638554216869
0.16746987951807313
-5.098795180722891
-4.090361445783132
-2.304819277108434
-1.6144578313253
-2.732530120481929
-2.740963855421686
-3.2638554216867455
-5.472289156626507
-4.820481927710842
-4.412048192771085
-1.974698795180723
-0.8301204819277093
0.6903614457831324
-0.7385542168674704
0.11807228915662549
1.6096385542168665
1.2168674698795172
1.3590361445783135
2.4650602409638545
1.8614457831325293
0.2048192771084345
0.5722891566265069
-0.39638554216867483
1.5783132530120465
2.209638554216868
1.9036144578313259
1.306024096385542
1.563855421686748
2.2265060240963823
1.6289156626506038
0.8060240963855421
-0.20843373493976003
0.2698795180722904
0.37469879518072347
1.3457831325301193
-0.015662650602408235
-0.01807228915662762
-1.7240963855421683
-0.033734939759039406
1.171084337349395
1.889156626506022
1.7807228915662634
2.375903614457833
3.407228915662653
4.368674698795182
5.630120481927712
5.14578313253012
4.313253012048193
3.434939759036144
-0.9072289156626496
-3.4963855421686763
-2.2385542168674704
-1.1096385542168683
-1.507228915662651
-0.14698795180722968
0.9409638554216855
0.19277108433734824
-0.5975903614457856
-1.1891566265060227
-2.210843373493976
-1.773493975903616
-0.014457831325298542
2.227710843373494
1.1807228915662655
-0.8228915662650564
-0.5566265060240951
0.3253012048192758
0.7987951807228946
1.8168674698795186
1.4445783132530146
2.7987951807228875
3.8289156626506013
4.951807228915662
5.363855421686747
5.444578313253011
2.6216867469879546
2.8024096385542165
3.8855421686747
4.454216867469878
3.4012048192771083
3.250602409638553
0.6759036144578339
2.0674698795180753
4.174698795180721
0.8108433734939737
-0.24939759036144693
0.8819277108433745
-0.36144578313253106
0.3036144578313227
0.07951807228915797
-0.2048192771084345
1.483132530120482
-0.10481927710843664
-2.5120481927710863
-1.7855421686746986
-2.227710843373494
-2.919277108433736
-3.259036144578314
-2.0084337349397607
-0.7457831325301214
0.7457831325301179
0.6096385542168683
1.0843373493975932
1.6349397590361434
2.079518072289158
1.4373493975903635
1.9722891566265055
3.715662650602411
5.189156626506023
5.501204819277106
5.903614457831324
5.346987951807229
1.308433734939758
0.17710843373494
-0.618072289156629
0.940963855421689
1.1144578313253035
-1.4301204819277125
0.3566265060240994
-1.1216867469879546
-1.6999999999999993
-0.7710843373493965
1.06265060240964
2.442168674698795
3.7650602409638587
3.209638554216866
1.926506024096387
2.467469879518074
1.315662650602409
1.9289156626506028
2.9915662650602393
4.100000000000001
5.2397590361445765
6.186746987951807
6.621686746987951
7.453012048192772
7.055421686746989
6.624096385542167
1.863855421686747
-1.2144578313253014
-3.801204819277107
-2.4746987951807213
-1.1373493975903592
-2.122891566265057
-1.6734939759036145
-1.7867469879518083
-1.0915662650602407
0.25301204819277245
-0.6144578313253
-2.8289156626506013
-3.025301204819275
-2.756626506024098
-1.9783132530120504
-2.8746987951807252
-2.8843373493975903
-2.978313253012047
-4.216867469879519
-4.779518072289157
-4.8024096385542165
-3.8771084337349375
-1.6204819277108413
-2.8795180722891587
-2.502409638554216
-0.9361445783132538
-1.514457831325302
-2.1216867469879492
-2.090361445783131
-0.9457831325301189
-1.3855421686746983
-0.11566265060241143
0.1204819277108431
2.225301204819276
2.3301204819277093
1.8313253012048207
1.3060240963855403
2.4710843373493976
2.362650602409639
3.619277108433735
2.6012048192771076
3.349397590361445
2.632530120481926
2.8349397590361445
3.4084337349397575
3.0831325301204817
2.6481927710843376
2.9409638554216855
2.637349397590361
3.6228915662650607
4.409638554216867
4.191566265060242
3.5301204819277103
1.5987951807228917
2.210843373493976
2.324096385542168
1.6445783132530138
1.0602409638554207
1.960240963855421
1.3819277108433745
1.8566265060240958
2.596385542168674
2.467469879518072
2.283132530120481
0.2445783132530135
-0.7686746987951807
-1.1481927710843376
-0.76024096385542
1.0349397590361438
-0.05301204819277139
0.28674698795180653
-1.7361445783132536
-1.9975903614457842
-1.2373493975903616
0.8421686746987938
2.1554216867469886
0.28674698795180653
-1.008433734939758
-2.7385542168674704
-1.7855421686746977
-2.121686746987952
0.38554216867469826
-0.9168674698795183
-2.254216867469879
-2.1999999999999997
-0.1469879518072288
-3.133734939759036
-0.9192771084337341
-0.8265060240963855
0.9132530120481928
-0.02530120481927689
0.0409638554216869
1.0
1.4240963855421693
1.3891566265060242
1.0048192771084334
0.1469879518072288
0.3493975903614457
2.6048192771084335
2.455421686746988
-1.0879518072289156
-2.4457831325301207
-2.8542168674698796
-3.427710843373494
-2.7722891566265058
-3.0855421686746984
-4.428915662650603
-5.03012048192771
-4.6012048192771084
-4.2373493975903616
-3.710843373493976
-4.336144578313252
-2.962650602409638
-2.83855421686747
-3.031325301204819
-2.1987951807228914
-3.9734939759036143
-3.4216867469879517
-0.7481927710843376
-0.04216867469879504
-1.6481927710843374
-0.13132530120481944
1.5012048192771084
0.7626506024096387
