-1.763855421686747
-3.0373493975903614
-2.3349397590361445
-2.378313253012048
-2.708433734939759
-2.7
-1.1987951807228916
-0.7240963855421687
-1.9385542168674699
-1.5048192771084337
-1.3228915662650604
-0.463855421686747
-1.1506024096385543
-1.110843373493976
-2.5096385542168678
-2.6674698795180722
-1.5168674698795181
-1.2566265060240962
-1.583132530120482
-0.3566265060240965
0.5650602409638554
0.9734939759036145
0.8481927710843373
2.450602409638554
1.9771084337349398
2.7204819277108427
2.995180722891566
4.019277108433735
2.9457831325301207
2.5783132530120483
2.5000000000000004
2.9795180722891565
1.510843373493976
1.6397590361445782
1.1072289156626507
1.8783132530120485
3.603614457831325
4.574698795180723
2.25421686746988
2.9698795180722897
4.889156626506024
3.6795180722891567
3.450602409638554
3.883132530120482
4.186746987951807
2.633734939759036
-1.5156626506024098
0.45783132530120474
2.057831325301205
2.0879518072289165
1.681927710843374
0.9566265060240968
0.19518072289156585
0.7614457831325296
1.2108433734939759
-0.3963855421686753
1.1397590361445786
3.1795180722891567
4.624096385542169
2.6180722891566264
3.0602409638554224
3.8686746987951803
1.4939759036144578
1.8168674698795186
3.03855421686747
3.959036144578313
4.063855421686747
3.774698795180724
3.895180722891566
3.1457831325301218
3.4024096385542153
4.306024096385543
3.0650602409638568
3.3012048192771086
2.392771084337351
2.7759036144578317
3.1301204819277118
3.5168674698795197
5.762650602409639
6.1807228915662655
6.48433734939759
2.3048192771084324
-0.43734939759036173
-2.155421686746987
-1.1108433734939762
-2.5060240963855422
-2.024096385542169
-0.8084337349397597
-0.15301204819277103
1.0228915662650593
1.0469879518072283
1.8072289156626518
1.7385542168674704
2.0349397590361438
1.5927710843373486
-0.5457831325301203
-1.2277108433734956
-1.9867469879518076
-3.709638554216868
-2.8120481927710834
-3.1421686746987945
-1.790361445783132
-0.6325301204819276
-0.798795180722891
-0.49036144578313134
-1.0048192771084334
-0.9144578313253007
-0.232530120481929
0.1590361445783124
-1.1638554216867458
0.12771084337349237
0.8795180722891569
1.5879518072289152
2.1253012048192783
2.4698795180722897
2.6903614457831324
2.8614457831325293
-1.1819277108433734
0.5096385542168669
0.31686746987951686
1.8590361445783135
0.7650602409638552
0.061445783132528575
-1.9951807228915648
-3.727710843373492
-3.9963855421686745
-1.2216867469879524
-0.8903614457831335
-1.4963855421686727
-2.0939759036144583
-1.5361445783132535
-1.0734939759036166
-0.17108433734939688
0.10602409638554278
1.4915662650602393
3.2698795180722904
3.274698795180722
1.3457831325301193
1.2843373493975925
1.281927710843373
1.6759036144578303
1.066265060240962
-0.8289156626506049
0.889156626506022
-0.01927710843373731
-0.12409638554216684
-3.0927710843373486
-2.2313253012048193
-0.5698795180722875
0.7457831325301214
1.6132530120481903
1.8349397590361427
2.392771084337351
1.403614457831324
0.7614457831325296
-0.6096385542168683
-3.007228915662651
-2.446987951807227
-3.259036144578314
-3.007228915662651
-0.3975903614457863
0.11084337349397444
0.7891566265060241
1.5265060240963848
2.5855421686746993
3.527710843373491
4.6807228915662655
5.477108433734941
6.243373493975906
5.925301204819277
5.398795180722892
4.316867469879519
5.444578313253015
6.19879518072289
5.028915662650601
0.7518072289156628
0.46385542168674476
0.3445783132530096
-0.17831325301204615
-1.9975903614457806
-1.9144578313253007
-1.8457831325301228
-1.0987951807228917
-0.5493975903614441
-0.32409638554216613
-1.4325301204819247
-2.725301204819278
-1.5891566265060248
0.25060240963855307
1.0819277108433738
1.2385542168674668
1.3036144578313227
1.079518072289158
-2.404819277108434
-3.216867469879517
-4.404819277108434
-2.612048192771084
-2.0855421686746993
-1.5277108433734945
-2.5192771084337338
-1.5590361445783145
-1.4084337349397593
0.2542168674698786
-0.35421686746988
0.3096385542168676
-1.315662650602409
-2.7650602409638587
-1.8204819277108442
-0.3626506024096372
0.2722891566265062
0.9156626506024104
-0.010843373493976571
-1.7987951807228946
-2.096385542168676
-1.0530120481927732
-2.0915662650602407
-1.4228915662650614
-3.718072289156627
-0.9590361445783131
-0.5855421686746993
-3.4301204819277125
-5.8433734939759
-6.721686746987954
-2.6999999999999993
-0.8710843373493979
-1.3373493975903585
-0.7578313253012041
0.06506024096385588
0.3096385542168676
0.42650602409638694
0.46746987951807384
0.5156626506024082
-0.9710843373493958
-1.0084337349397607
-1.0
-0.4602409638554228
-0.2132530120481917
-0.878313253012049
-1.846987951807229
-1.2445783132530082
-0.27590361445783174
0.9638554216867483
1.4855421686747015
1.1987951807228932
1.5253012048192787
-1.1373493975903592
-1.9228915662650579
-1.8734939759036138
-1.3867469879518062
-0.39156626506023784
-1.0469879518072283
-0.4144578313253007
0.07108433734939723
-1.4253012048192772
-0.45662650602409727
-1.9783132530120504
-1.9746987951807249
-1.3843373493975903
-1.1783132530120461
-1.3168674698795186
-0.27951807228915726
0.597590361445782
1.6228915662650643
0.6795180722891594
-0.07951807228915797
-3.702409638554215
-4.7361445783132545
-4.714457831325301
-3.92168674698795
-1.7903614457831303
-3.8457831325301193
-2.8855421686746983
-3.3156626506024107
-3.579518072289158
-2.8746987951807217
-1.7698795180722886
-0.16867469879518104
-0.49397590361445864
-0.12891566265060206
-0.8373493975903603
-1.2807228915662652
-0.4987951807228903
-0.1506024096385552
1.1325301204819276
1.3349397590361445
0.20843373493975825
0.4831325301204803
2.4481927710843383
3.1409638554216865
3.337349397590362
0.1228915662650607
-1.8903614457831335
-2.6084337349397586
-2.9698795180722897
0.39879518072289244
1.7108433734939759
0.3240963855421679
0.6445783132530138
1.5602409638554207
1.0602409638554207
2.081927710843374
-0.5433734939759027
-0.8036144578313245
1.467469879518072
0.6831325301204814
1.3445783132530131
1.2313253012048193
1.7518072289156628
1.6397590361445804
-2.3650602409638566
-2.9530120481927717
-1.5132530120481933
-3.0361445783132535
-1.0975903614457838
-0.3373493975903612
-1.1578313253012054
1.055421686746989
3.2867469879518074
5.991566265060242
6.96144578313253
4.214457831325302
2.5783132530120483
3.5855421686746993
3.0831325301204817
3.9457831325301216
3.7
1.3530120481927712
4.566265060240964
6.580722891566265
6.573493975903615
7.413253012048193
7.274698795180723
5.840963855421687
2.8
1.6240963855421695
0.9891566265060239
1.3048192771084342
1.5469879518072291
2.049397590361446
4.004819277108433
3.455421686746988
2.3120481927710848
-0.4457831325301207
-3.1542168674698794
-2.727710843373494
-0.6722891566265059
0.8144578313253015
0.5710843373493972
2.469879518072289
1.7987951807228915
3.2626506024096384
3.789156626506024
0.5638554216867471
0.6373493975903619
0.7614457831325301
0.6686746987951806
2.7012048192771085
4.3265060240963855
4.778313253012048
4.151807228915662
4.257831325301204
5.351807228915662
4.16867469879518
4.301204819277109
6.362650602409639
