3.4361445783132534
4.362650602409639
3.1650602409638555
2.521686746987952
0.9915662650602408
-0.30000000000000004
0.4012048192771084
-0.024096385542168752
-0.4385542168674698
-0.3048192771084337
-0.12289156626506037
-1.963855421686747
-2.750602409638554
0.689156626506024
0.09036144578313232
2.032530120481928
1.9831325301204819
2.243373493975904
0.2168674698795181
1.3433734939759037
2.765060240963855
2.1734939759036145
0.8481927710843373
1.7506024096385542
0.9771084337349398
0.02048192771084323
0.9951807228915661
3.419277108433735
1.0457831325301203
-0.02168674698795159
-1.4
-0.9204819277108434
-2.8891566265060242
-2.1602409638554216
-0.5927710843373495
0.9783132530120482
0.10361445783132517
-1.925301204819277
-0.6457831325301204
-1.0301204819277108
-1.910843373493976
-2.620481927710843
-2.6493975903614455
-3.116867469879518
-2.7132530120481926
-2.9662650602409637
-2.2156626506024097
-3.442168674698795
-3.7421686746987954
-3.412048192771084
-2.218072289156626
-1.8433734939759034
-2.004819277108434
-0.9385542168674701
-2.189156626506024
-1.4963855421686754
-1.8602409638554214
-1.2204819277108436
0.22409638554216915
0.9180722891566262
2.3602409638554214
1.168674698795181
0.6939759036144579
1.216867469879518
1.9385542168674696
2.5590361445783127
2.063855421686746
2.474698795180723
4.095180722891567
4.04578313253012
3.4024096385542153
3.306024096385543
0.3650602409638566
-1.3987951807228916
-2.60722891566265
-1.6240963855421686
0.13012048192771175
0.31686746987951864
1.5626506024096383
1.2807228915662652
-0.11566265060240966
-1.9951807228915674
0.06265060240963827
1.9445783132530128
2.089156626506023
1.9939759036144586
2.975903614457831
4.291566265060242
3.7469879518072293
3.82289156626506
2.0469879518072283
-0.5927710843373486
-2.8614457831325293
-2.6650602409638564
-0.9072289156626514
1.2542168674698804
-6.527710843373495
-6.686746987951807
-5.109638554216868
-7.012048192771084
-4.342168674698795
-2.1903614457831324
-0.9325301204819283
-0.19879518072289137
0.709638554216868
2.395180722891567
2.685542168674699
3.467469879518072
-0.2409638554216862
-0.3638554216867469
0.32771084337349166
0.8795180722891569
1.7879518072289144
3.1253012048192783
2.7698795180722904
2.990361445783133
3.2614457831325296
1.8180722891566266
3.6096385542168665
3.716867469879517
3.459036144578315
2.265060240963855
4.66144578313253
4.404819277108436
5.472289156626509
6.803614457831326
7.0783132530120465
6.709638554216868
6.303614457831328
3.0060240963855414
3.363855421686745
3.3265060240963837
3.0289156626506024
1.806024096385542
-0.508433734939759
0.36987951807228825
0.27469879518072204
2.2457831325301214
3.3843373493975903
1.1819277108433752
0.7759036144578317
1.066265060240962
3.0710843373493972
3.9891566265060234
3.880722891566265
3.1759036144578303
4.6072289156626525
5.96867469879518
5.130120481927712
4.445783132530121
6.61325301204819
5.0349397590361455
3.7927710843373497
2.903614457831324
4.161445783132532
5.99036144578313
6.492771084337349
6.85301204819277
8.040963855421687
7.692771084337348
8.202409638554215
9.310843373493977
10.489156626506023
10.726506024096384
9.3855421686747
8.527710843373491
8.180722891566266
4.477108433734941
5.143373493975904
5.325301204819276
6.698795180722893
7.216867469879517
6.744578313253015
6.598795180722888
7.2289156626506
7.451807228915662
6.963855421686745
4.64457831325301
1.2216867469879524
1.402409638554218
2.485542168674698
1.9542168674698779
0.5012048192771097
0.5506024096385538
-0.9240963855421676
-0.33253012048192687
1.3746987951807235
3.2108433734939723
3.450602409638556
3.281927710843373
3.638554216867469
6.103614457831323
5.079518072289158
6.2951807228915655
1.8831325301204807
3.095180722891566
4.187951807228917
4.6144578313253
4.4722891566265055
5.580722891566264
5.9409638554216855
5.491566265060239
5.454216867469878
5.545783132530119
0.20963855421686617
0.684337349397591
2.8349397590361427
3.579518072289158
3.337349397590362
2.6722891566265083
2.6156626506024097
-0.010843373493976571
2.001204819277106
3.903614457831324
5.7469879518072275
7.408433734939759
7.977108433734941
7.381927710843371
6.140963855421688
6.314457831325303
7.169879518072289
8.6566265060241
9.478313253012047
8.8
7.928915662650603
6.962650602409639
5.642168674698798
4.465060240963858
4.809638554216868
2.926506024096387
3.967469879518074
3.815662650602409
3.128915662650602
4.391566265060241
6.300000000000001
5.539759036144577
3.9867469879518076
3.7216867469879524
4.55301204819277
2.755421686746992
-0.07590361445783245
1.6638554216867476
1.6855421686747007
-1.3012048192771068
-2.0746987951807228
-1.5373493975903614
-1.9228915662650579
-1.6734939759036145
0.3132530120481931
0.8084337349397615
-1.4469879518072304
-3.2144578313253014
-0.7289156626506035
-0.3253012048192758
-0.256626506024098
0.22168674698794888
-0.8746987951807235
-0.5843373493975896
-0.6783132530120461
0.4831325301204821
1.5204819277108435
2.1975903614457835
3.1228915662650643
3.6795180722891594
3.420481927710842
2.297590361445785
-0.3361445783132524
-1.1144578313253017
-1.0216867469879496
-0.9903614457831296
-0.3457831325301193
0.814457831325301
1.284337349397589
0.020481927710841674
2.025301204819277
1.63012048192771
2.7313253012048193
-1.1939759036144597
-1.3289156626506013
-2.737349397590359
-1.080722891566264
0.9012048192771083
1.2493975903614434
0.6325301204819276
1.6349397590361452
2.1084337349397586
1.4831325301204803
-0.45180722891566205
-2.259036144578314
-3.362650602409639
-4.47710843373494
-2.6903614457831324
-2.9084337349397593
-1.6698795180722907
-2.001204819277108
-3.589156626506024
-4.875903614457831
-5.7554216867469865
-6.539759036144579
-4.439759036144579
-4.518072289156626
-4.943373493975903
-3.703614457831325
-3.232530120481929
1.483132530120482
-0.7554216867469865
-1.7686746987951816
-0.6481927710843376
-1.3602409638554205
-1.5650602409638559
-0.5530120481927714
-2.613253012048194
0.16385542168674583
-0.297590361445784
-1.0373493975903614
-2.0578313253012057
-1.944578313253012
-2.4132530120481936
-0.6084337349397586
0.7614457831325296
2.7144578313253023
1.378313253012048
1.7855421686746986
1.283132530120482
2.4457831325301207
3.2
4.753012048192772
5.566265060240964
5.780722891566266
5.473493975903615
4.913253012048193
3.774698795180723
2.740963855421687
1.0999999999999996
3.324096385542169
5.889156626506024
7.004819277108433
6.346987951807229
4.849397590361446
3.1048192771084335
2.3554216867469875
-2.4879518072289155
-2.645783132530121
-0.9542168674698797
1.8722891566265063
1.3277108433734939
0.7144578313253014
3.0710843373493972
4.369879518072289
0.49879518072289164
-0.3373493975903614
1.889156626506024
2.2638554216867472
0.6373493975903619
1.9614457831325303
0.9686746987951809
-0.9987951807228912
-3.3734939759036147
-3.9216867469879517
-2.7481927710843377
-0.542168674698795
2.4518072289156625
3.16867469879518
4.1012048192771084
3.0626506024096383
