1.436144578313253
1.9626506024096386
-0.2349397590361445
-0.5783132530120483
-0.5084337349397591
-1.4
-0.5987951807228915
0.6759036144578313
1.4614457831325303
1.1951807228915663
2.0771084337349395
2.036144578313253
2.7493975903614456
3.789156626506024
3.4903614457831322
1.032530120481928
2.0831325301204817
1.3433734939759037
1.016867469879518
1.9433734939759033
0.6650602409638553
-0.8265060240963855
-0.4518072289156627
-1.4493975903614458
-0.4228915662650603
-1.9795180722891565
-0.9048192771084339
-1.5807228915662652
-1.7542168674698795
-1.9216867469879517
-0.5999999999999999
0.9795180722891565
1.3108433734939757
2.939759036144578
1.8072289156626504
1.8783132530120485
2.5036144578313255
3.074698795180723
1.8542168674698796
1.0698795180722893
0.7891566265060241
1.4795180722891565
1.1506024096385543
0.1831325301204818
0.48674698795180715
1.9337349397590358
2.0843373493975905
0.8578313253012047
1.3578313253012047
-1.5120481927710838
-2.518072289156626
-2.2433734939759034
0.0951807228915662
1.66144578313253
-0.8891566265060238
-3.4963855421686754
-3.2602409638554217
-3.9204819277108434
-3.775903614457831
-3.2819277108433735
-3.639759036144578
-1.2313253012048193
-1.306024096385542
-1.1831325301204814
-1.76144578313253
-2.4409638554216864
-2.0361445783132535
-2.4253012048192764
-3.9048192771084334
-4.554216867469879
-2.897590361445784
-0.6939759036144579
-0.23493975903614395
0.701204819277109
1.7927710843373497
2.7759036144578317
3.530120481927712
3.3168674698795186
3.362650602409639
2.8807228915662666
2.48433734939759
-3.2951807228915673
-1.7373493975903616
-0.35542168674698615
-2.3108433734939764
-3.0060240963855422
-2.9240963855421693
-2.1084337349397586
-1.153012048192771
0.22289156626506035
0.4469879518072286
1.3072289156626518
2.1385542168674707
1.734939759036143
1.8927710843373493
0.25421686746988037
-1.8277108433734952
-2.7867469879518065
-4.3096385542168685
-3.6120481927710832
-2.1421686746987945
-1.9903614457831313
-1.7325301204819272
-1.1987951807228914
-1.1903614457831324
-2.2048192771084345
-0.4144578313253007
-0.5325301204819279
-3.1409638554216865
-0.8638554216867469
1.0277108433734927
1.6795180722891576
3.087951807228915
3.225301204819276
-0.23012048192770962
-0.7096385542168662
0.26144578313252964
1.5180722891566258
0.6096385542168665
-0.5831325301204835
-0.0409638554216869
-1.1349397590361452
-3.2385542168674704
-1.6951807228915658
-2.6277108433734924
-3.9963855421686745
-4.821686746987952
-3.790361445783132
-2.896385542168673
-3.2939759036144594
-1.636144578313253
-1.8734939759036155
-1.3710843373493962
-1.5939759036144565
-0.20843373493976003
1.069879518072291
0.9746987951807213
1.2457831325301214
2.3843373493975903
1.9819277108433724
0.975903614457831
-0.3337349397590401
-1.6289156626506038
-2.5108433734939783
-3.2192771084337366
-2.2240963855421683
0.10722891566265247
-0.8313253012048207
-1.0698795180722875
0.2457831325301214
0.3132530120481931
-1.6650602409638573
-0.7072289156626503
-0.19638554216867732
1.2614457831325296
1.8903614457831317
-0.007228915662651048
0.9530120481927717
3.340963855421684
5.892771084337351
6.602409638554214
5.510843373493977
3.6891566265060227
-2.073493975903613
-1.7144578313252978
0.527710843373491
2.580722891566264
1.6771084337349436
2.7433734939759056
1.6253012048192765
-2.301204819277107
-2.6831325301204814
-1.2554216867469847
-1.2012048192771125
0.6289156626506021
1.2518072289156628
-0.1361445783132531
2.544578313253009
5.021686746987953
2.8024096385542165
1.985542168674698
1.85421686746988
1.701204819277109
-0.4493975903614462
-0.02409638554216542
2.167469879518073
1.9746987951807213
1.8108433734939737
0.9506024096385559
-0.2180722891566269
-1.0614457831325304
-1.596385542168676
-3.8204819277108406
-2.804819277108436
-1.6168674698795193
0.7951807228915655
1.4879518072289137
2.2144578313253014
2.572289156626507
3.280722891566267
3.3409638554216876
3.79156626506024
5.554216867469879
6.245783132530118
0.6096385542168683
1.7843373493975925
0.4349397590361441
-1.3204819277108442
-0.7626506024096358
0.07228915662650692
1.715662650602411
3.2891566265060206
4.101204819277108
3.703614457831325
2.346987951807229
-0.09156626506024068
-0.7228915662650621
0.7819277108433731
0.940963855421689
0.11445783132530352
-0.13012048192771175
0.756626506024098
2.178313253012046
2.0
2.3289156626506013
1.8626506024096408
2.3421686746987973
1.965060240963858
2.409638554216869
1.5265060240963848
2.767469879518071
1.0156626506024082
0.42891566265060277
0.29156626506023997
0.3999999999999986
0.03975903614457721
0.38674698795180973
0.12168674698795101
0.8530120481927703
1.4554216867469911
2.524096385542169
2.763855421686749
2.3855421686747
0.29879518072289457
2.225301204819278
3.9626506024096386
5.277108433734941
4.926506024096387
3.813253012048193
3.608433734939762
3.7530120481927725
4.085542168674699
2.7710843373493965
2.774698795180722
1.0433734939759027
-0.07831325301205183
-0.17469879518072418
-0.2843373493975889
-1.9783132530120469
-1.016867469879518
-0.3795180722891587
-0.30240963855421654
1.3228915662650635
1.97951807228916
2.720481927710839
3.497590361445784
1.4638554216867448
-1.6144578313253017
-0.42168674698794817
-1.090361445783131
-0.6457831325301182
0.014457831325302095
1.8843373493975903
2.8204819277108424
2.6253012048192783
3.4301204819277107
2.8313253012048207
3.4060240963855417
4.471084337349398
4.66265060240964
4.719277108433737
4.901204819277108
2.6493975903614455
0.23253012048192723
-2.1650602409638555
-2.191566265060242
-2.1168674698795193
-1.8518072289156624
-1.0590361445783145
-2.0626506024096383
-2.477108433734939
-1.9903614457831331
0.49156626506024104
2.63012048192771
3.5987951807228917
4.010843373493977
3.824096385542168
3.944578313253013
3.7602409638554217
4.36024096385542
2.981927710843374
2.9566265060240973
3.396385542168675
2.467469879518072
3.783132530120481
6.044578313253012
6.231325301204819
5.5518072289156635
5.039759036144579
3.734939759036143
0.5469879518072283
-1.4132530120481936
-3.936144578313254
-2.6975903614457835
-1.2373493975903616
1.1421686746987945
0.555421686746989
-0.3132530120481931
-1.3084337349397588
-1.6385542168674698
-0.8855421686746983
-0.6216867469879519
1.8855421686746983
-1.216867469879518
-3.254216867469879
-1.9
-0.34698795180722897
0.3662650602409645
0.08072289156626589
0.273493975903615
0.7132530120481926
-0.6253012048192765
2.1409638554216874
2.9000000000000004
1.3240963855421688
1.2891566265060237
1.8048192771084342
1.2469879518072293
3.249397590361446
3.1048192771084335
4.155421686746987
3.012048192771084
3.5542168674698793
0.9457831325301203
0.07228915662650648
-0.27228915662650577
-0.7855421686746986
-1.1289156626506025
-0.6301204819277109
0.7987951807228915
1.9626506024096384
2.889156626506024
-0.13614457831325288
-0.3626506024096383
-2.13855421686747
-3.031325301204819
-2.398795180722891
-1.6734939759036145
-1.121686746987952
2.1518072289156622
3.2578313253012046
2.1518072289156627
3.7686746987951807
0.7012048192771085
-0.8373493975903614
