-0.463855421686747
0.4626506024096386
2.4650602409638553
1.3216867469879516
1.691566265060241
2.5
3.2012048192771085
2.0759036144578316
2.9614457831325303
2.995180722891566
2.17710843373494
1.8361445783132528
1.8493975903614457
0.5891566265060242
-0.6096385542168676
0.1325301204819278
-1.216867469879518
-1.7566265060240964
1.016867469879518
0.6433734939759035
3.6650602409638555
3.073493975903615
-0.7518072289156627
-2.249397590361446
-0.7228915662650603
-1.6795180722891567
-2.004819277108434
-3.9807228915662654
-4.45421686746988
-3.121686746987952
-2.5
1.6795180722891567
0.4108433734939758
1.4397590361445785
-0.4927710843373494
-1.9216867469879517
-1.996385542168675
-2.825301204819277
-2.3457831325301206
-2.2301204819277105
-1.110843373493976
0.07951807228915664
1.6506024096385543
2.583132530120482
2.8867469879518075
0.8337349397590361
-0.51566265060241
-0.5421686746987953
-1.6421686746987953
-1.912048192771084
-2.818072289156626
-4.143373493975903
-4.604819277108434
-3.7385542168674704
-3.489156626506024
-3.096385542168675
-3.7602409638554217
-4.320481927710843
-6.075903614457831
-8.081927710843374
-7.039759036144578
-7.031325301204819
-6.506024096385542
-5.083132530120482
-3.4614457831325303
-6.040963855421687
-2.5361445783132535
-0.3253012048192767
-0.30481927710843326
-1.8542168674698791
-1.4975903614457842
-0.6939759036144579
-0.23493975903614395
1.3012048192771086
2.392771084337351
3.675903614457832
4.730120481927711
5.116867469879519
3.4626506024096386
2.6807228915662655
1.5843373493975896
3.8048192771084324
3.5626506024096383
3.944578313253013
3.089156626506023
1.8939759036144572
3.475903614457831
1.991566265060241
2.5469879518072283
1.82289156626506
1.4469879518072286
-0.8927710843373493
-0.9614457831325289
-1.0650602409638559
-0.4072289156626514
0.5542168674698811
0.5722891566265051
-0.3867469879518062
-0.8096385542168676
-1.912048192771083
-1.3421686746987938
-1.090361445783131
0.46746987951807206
1.201204819277109
1.209638554216868
-2.2048192771084345
-2.9144578313253007
-1.4325301204819283
-1.8409638554216876
-1.1638554216867458
-1.1722891566265083
-2.620481927710843
-2.912048192771085
-2.0746987951807228
-1.9301204819277107
0.5903614457831328
1.461445783132529
2.918072289156626
4.1096385542168665
4.616867469879516
5.3590361445783135
4.665060240963854
4.561445783132529
3.5048192771084334
1.572289156626507
2.0036144578313255
2.7783132530120493
0.8096385542168676
-0.2963855421686734
-2.2939759036144594
-0.5361445783132535
-0.17349397590361626
0.12891566265060384
0.006024096385544908
0.79156626506024
0.16987951807228896
-0.5253012048192787
-1.35421686746988
0.08433734939759319
0.7819277108433731
2.475903614457831
2.566265060240962
-0.5289156626506042
0.6891566265060227
2.380722891566265
3.1759036144578303
4.70722891566265
6.96867469879518
7.4301204819277125
7.14578313253012
5.513253012048192
2.234939759036145
1.992771084337349
2.703614457831325
4.4614457831325325
3.2903614457831303
1.1927710843373482
1.653012048192771
-1.7590361445783138
-2.107228915662649
-1.5975903614457856
-0.8891566265060256
-0.8108433734939773
-0.17349397590361448
-1.8144578313252993
-0.07228915662650692
2.2807228915662634
3.6771084337349436
4.743373493975906
5.825301204819276
5.198795180722893
5.316867469879519
6.444578313253015
6.898795180722889
5.2289156626506
3.2518072289156628
5.2638554216867455
7.044578313253009
7.421686746987955
4.3024096385542165
3.0855421686746993
1.7542168674698786
2.4012048192771083
2.150602409638555
2.675903614457834
-0.43253012048192474
-1.725301204819278
-2.1891566265060263
-2.949397590361446
-3.518072289156624
-2.5614457831325304
-0.5963855421686759
-0.12048192771084132
-0.2048192771084345
1.5831325301204835
2.495180722891565
2.9879518072289137
4.014457831325302
2.772289156626506
1.4807228915662662
1.4409638554216855
2.29156626506024
1.0542168674698793
-1.1542168674698807
-0.3903614457831317
1.4843373493975918
2.7349397590361413
2.4795180722891565
4.337349397590362
5.072289156626507
4.015662650602412
2.0891566265060213
1.5012048192771061
-0.7963855421686752
-0.5530120481927732
0.70843373493976
-0.32289156626506
0.2819277108433731
-0.9590361445783131
-2.5855421686746993
-1.330120481927711
-0.3433734939758999
-1.9216867469879553
-0.6999999999999993
-0.47108433734939936
-2.2373493975903607
-2.357831325301202
-1.9349397590361441
-0.4903614457831331
0.12650602409638623
0.8674698795180724
-2.3843373493975903
-5.171084337349399
-4.008433734939761
-2.0
-1.0602409638554207
-0.3132530120481931
-0.27831325301204757
-1.246987951807231
-1.0445783132530089
0.524096385542169
1.5638554216867497
2.3855421686747
2.998795180722894
3.6253012048192765
2.662650602409638
1.2771084337349414
0.8265060240963855
0.013253012048192403
-0.6915662650602385
0.15301204819277103
-0.4144578313253007
0.17108433734939865
-1.5253012048192751
-2.356626506024096
-0.878313253012049
0.5253012048192751
0.9156626506024104
1.0216867469879531
-0.21686746987952077
-4.179518072289158
-3.402409638554218
-1.2771084337349379
-1.2204819277108392
-0.9795180722891601
-0.5024096385542158
0.8638554216867469
0.4855421686746979
1.0783132530120518
1.409638554216869
2.4542168674698814
1.314457831325301
0.5843373493975896
-0.8795180722891569
-2.474698795180723
-3.7698795180722886
-2.0686746987951814
-2.6939759036144597
-1.3289156626506013
-0.6373493975903592
0.019277108433735535
0.8012048192771086
0.04939759036144409
-0.5674698795180735
-1.4650602409638562
-1.191566265060242
-1.5168674698795197
-1.1518072289156613
-1.1590361445783142
-0.362650602409639
-1.0771084337349404
-2.0903614457831328
-1.8084337349397597
0.03012048192771033
1.3987951807228924
2.210843373493976
1.024096385542169
2.344578313253013
2.3602409638554214
2.26024096385542
1.7819277108433749
1.556626506024097
0.6963855421686755
1.467469879518072
1.6831325301204814
2.844578313253013
2.5313253012048182
3.0518072289156635
2.8397590361445797
2.5349397590361438
3.4469879518072286
2.386746987951806
2.4638554216867465
1.6024096385542155
0.8626506024096381
0.04216867469879482
1.855421686746988
1.7867469879518074
2.191566265060241
1.0614457831325295
0.5144578313253021
-1.7216867469879515
-2.7144578313253014
-3.5168674698795184
-2.354216867469879
-1.7999999999999998
-3.846987951807229
-4.733734939759036
-5.8192771084337345
-4.726506024096385
-5.086746987951807
-4.6253012048192765
-4.159036144578313
-3.3
-2.875903614457831
-2.710843373493976
-2.495180722891566
-2.353012048192771
1.0493975903614459
-1.5951807228915662
-3.244578313253012
-3.0879518072289156
-1.745783132530121
-3.1542168674698794
-2.727710843373494
-2.172289156626506
0.6144578313253013
-0.8289156626506027
-1.430120481927711
0.49879518072289164
1.5626506024096385
-1.7108433734939759
-3.036144578313253
-2.0626506024096383
-1.8385542168674698
-2.431325301204819
-1.1987951807228914
-0.7734939759036144
-0.02168674698795181
-0.24819277108433768
-0.8421686746987951
-3.1481927710843376
-6.231325301204819
-8.898795180722892
-2.9373493975903617
