-1.063855421686747
-1.5373493975903614
-1.0349397590361444
-1.7783132530120482
-1.7084337349397591
-1.7000000000000002
-0.4987951807228916
0.17590361445783131
-1.9385542168674699
-4.504819277108433
-3.4228915662650605
-1.663855421686747
-2.950602409638554
-1.010843373493976
0.8903614457831326
-0.8674698795180722
-0.01686746987951815
1.3433734939759037
0.516867469879518
2.1433734939759033
2.3650602409638557
-0.6265060240963856
-1.5518072289156626
-1.2493975903614458
1.0771084337349395
1.1204819277108433
1.5951807228915662
1.0192771084337346
0.8457831325301206
0.17831325301204837
-0.8999999999999999
-1.0204819277108435
-1.089156626506024
0.43975903614457845
0.0072289156626506035
3.778313253012048
4.603614457831325
4.674698795180722
4.054216867469879
1.4698795180722897
0.7891566265060241
1.7795180722891564
-0.2493975903614456
-0.11686746987951802
-1.8132530120481927
-1.3662650602409638
-1.1156626506024099
-0.3421686746987955
-1.3421686746987953
-2.912048192771084
-1.4180722891566262
0.25662650602409665
0.2951807228915664
0.5614457831325295
0.3108433734939764
0.10361445783132517
-0.5602409638554215
1.6795180722891567
2.824096385542169
2.6180722891566264
3.2602409638554217
2.468674698795181
0.5939759036144574
0.7168674698795181
0.9385542168674696
3.159036144578314
1.5638554216867462
0.37469879518072347
-1.604819277108433
-0.2542168674698786
-0.39759036144578364
1.5060240963855422
0.9650602409638571
1.501204819277108
1.0927710843373504
0.8759036144578314
1.6301204819277118
1.41686746987952
-2.837349397590361
-3.919277108433734
-2.81566265060241
1.0048192771084317
-0.637349397590361
-2.2554216867469865
-0.7108433734939759
0.2939759036144576
0.17590361445783032
-0.4084337349397593
0.34698795180722897
1.2228915662650603
0.5469879518072283
0.7072289156626503
2.33855421686747
2.234939759036143
3.2927710843373497
2.85421686746988
2.672289156626505
2.4132530120481928
2.790361445783132
2.387951807228916
2.057831325301205
2.5096385542168687
2.967469879518072
3.6012048192771093
3.5096385542168687
-0.00481927710843344
0.08554216867469933
-0.33253012048192865
-0.6409638554216865
0.23614457831325453
1.227710843373492
3.079518072289158
0.8879518072289159
-1.8746987951807217
-0.9301204819277107
-1.8096385542168676
-1.038554216867471
-1.3819277108433745
-1.3903614457831335
0.016867469879517927
0.7590361445783138
2.365060240963853
1.7614457831325296
1.0048192771084352
-0.5277108433734927
1.0036144578313255
1.9783132530120486
0.9096385542168672
1.5036144578313273
1.6060240963855428
1.9638554216867465
2.7265060240963823
2.7289156626506053
1.806024096385542
0.29156626506023997
1.069879518072291
2.1746987951807206
3.14578313253012
3.184337349397591
4.981927710843372
5.475903614457831
6.066265060240962
6.171084337349395
7.989156626506023
8.580722891566264
6.875903614457833
3.7072289156626503
2.6686746987951793
3.230120481927713
0.14578313253011999
-0.1867469879518069
0.23493975903614484
2.892771084337351
4.103614457831323
3.4614457831325325
0.7903614457831303
0.5927710843373468
-0.44698795180722684
0.5409638554216869
0.09277108433735037
-0.2975903614457849
1.3108433734939773
2.589156626506025
3.1265060240963862
4.8855421686747
5.127710843373492
5.080722891566264
2.577108433734942
3.943373493975905
4.025301204819275
-0.6012048192771076
-1.983132530120482
-2.355421686746986
-1.1012048192771111
-0.07108433734939723
1.6518072289156613
0.8638554216867469
-0.3554216867469897
1.6216867469879546
3.0024096385542194
2.685542168674697
2.454216867469878
2.6012048192771076
3.950602409638556
3.7759036144578317
2.467469879518074
1.5746987951807228
-2.1891566265060263
-0.8493975903614448
-1.9180722891566262
-1.6614457831325318
-1.9963855421686745
-0.42048192771084203
1.195180722891564
2.8831325301204807
3.595180722891566
3.887951807228916
1.3144578313252993
-3.1277108433734924
-2.3192771084337345
-1.3590361445783117
-0.70843373493976
0.2542168674698786
1.2457831325301179
1.2096385542168662
0.684337349397591
0.03493975903614199
0.17951807228915584
1.7373493975903642
2.572289156626507
3.6156626506024097
2.0891566265060213
3.1012048192771076
1.2036144578313248
-2.9530120481927717
-0.9915662650602393
0.67710843373494
2.081927710843374
3.540963855421687
0.9144578313253007
1.169879518072289
-0.5433734939759027
0.7783132530120476
2.0
2.0289156626506006
2.3626506024096408
2.142168674698798
3.565060240963856
4.409638554216869
5.426506024096387
5.967469879518074
6.2156626506024075
5.928915662650603
3.6915662650602385
3.5
3.9397590361445793
4.186746987951807
2.621686746987951
3.8530120481927703
5.055421686746989
4.524096385542169
0.06385542168674974
1.0855421686746993
3.3987951807228924
3.9253012048192772
2.3626506024096408
3.17710843373494
1.726506024096384
-0.1867469879518069
0.00843373493976074
0.653012048192771
0.5855421686746993
2.1710843373493987
2.474698795180725
1.743373493975902
1.8216867469879503
-2.474698795180725
-2.0843373493975896
-1.3783132530120454
0.28313253012047923
1.2204819277108427
0.597590361445782
0.7228915662650621
1.7795180722891608
1.920481927710842
1.6975903614457835
2.363855421686747
2.8855421686747
2.278313253012051
2.2096385542168697
2.4542168674698814
2.5144578313253003
2.984337349397588
3.420481927710844
2.3253012048192776
1.4301204819277107
1.131325301204818
2.0060240963855396
3.571084337349399
4.66265060240964
4.519277108433734
3.5012048192771097
3.4493975903614427
2.7325301204819272
1.4349397590361441
0.508433734939759
-2.0168674698795197
-5.051807228915662
-4.159036144578314
-3.2626506024096376
-3.977108433734939
-4.590361445783133
-4.30843373493976
-2.36987951807229
-1.6012048192771076
-1.589156626506023
0.12409638554216862
1.2445783132530135
0.16024096385542208
0.76024096385542
0.5819277108433738
0.9566265060240973
1.3963855421686748
0.5674698795180717
-0.216867469879519
-1.0554216867469872
-1.0686746987951814
-2.048192771084337
-1.9602409638554201
-1.1650602409638564
-2.353012048192771
-0.5132530120481933
-0.3361445783132533
-2.097590361445784
-1.9373493975903608
-2.257831325301206
-0.34457831325301136
2.186746987951806
2.791566265060241
4.36144578313253
5.514457831325301
5.278313253012048
5.285542168674699
3.983132530120482
2.645783132530121
3.1000000000000005
3.853012048192771
2.966265060240964
2.3807228915662657
3.8734939759036155
4.313253012048193
3.3746987951807235
3.740963855421687
5.699999999999999
3.024096385542169
0.9891566265060239
0.004819277108433884
1.0469879518072291
-0.1506024096385543
0.10481927710843353
2.5554216867469877
4.212048192771084
2.2542168674698795
0.7457831325301205
1.1722891566265061
1.527710843373494
-0.08554216867469888
-1.6289156626506025
-2.830120481927711
-3.2012048192771085
-3.0373493975903614
-3.8108433734939755
-5.236144578313253
-6.562650602409638
-5.63855421686747
-4.431325301204819
-1.4987951807228912
0.026506024096385694
0.4783132530120482
-1.0481927710843375
-0.7421686746987951
-0.4481927710843373
0.1686746987951806
0.8012048192771084
1.0626506024096385
