1.936144578313253
0.16265060240963858
-1.8349397590361445
-1.6783132530120484
-1.3084337349397592
0.29999999999999993
0.9012048192771084
0.7759036144578312
1.76144578313253
1.8951807228915665
0.0771084337349397
0.8361445783132531
1.149397590361446
1.289156626506024
1.0903614457831323
0.1325301204819278
0.5831325301204819
0.2433734939759037
-0.9831325301204819
-0.7566265060240965
-0.8349397590361446
-1.5265060240963857
-0.4518072289156627
-1.0493975903614459
-0.9228915662650603
-0.8795180722891567
-1.304819277108434
-0.8807228915662652
-1.6542168674698794
-1.2216867469879515
-1.5999999999999999
-3.3204819277108433
-2.289156626506024
-1.5602409638554215
-0.5927710843373495
-0.1216867469879519
0.5036144578313251
-0.925301204819277
-1.0457831325301203
-1.7301204819277107
-0.5108433734939761
-1.5204819277108432
-0.8493975903614457
-0.816867469879518
-1.4132530120481928
-2.166265060240964
-0.7156626506024097
-0.04216867469879526
2.057831325301205
2.487951807228916
1.7819277108433735
-0.8433734939759034
0.395180722891566
1.0614457831325295
1.5108433734939757
2.103614457831325
4.039759036144578
1.879518072289157
1.7240963855421692
0.21807228915662602
2.460240963855422
0.9686746987951809
1.2939759036144576
-2.0831325301204817
-3.66144578313253
-3.6409638554216865
-4.636144578313253
-6.025301204819277
-6.504819277108433
-5.154216867469879
-3.497590361445784
-2.0939759036144574
-1.9349397590361432
-1.1987951807228914
-1.30722891566265
-0.22409638554216826
-0.4698795180722888
0.8168674698795186
1.1626506024096397
1.7807228915662652
2.184337349397591
3.404819277108432
2.362650602409639
2.444578313253013
2.4891566265060234
-0.20602409638554242
0.6759036144578303
0.8915662650602414
0.24698795180722932
-0.4771084337349407
-2.9530120481927717
-3.8927710843373493
-2.8614457831325293
-1.9650602409638562
-0.20722891566265034
-0.9457831325301189
-0.027710843373494498
0.8132530120481931
2.4903614457831313
3.2879518072289162
-0.9421686746987952
-2.4903614457831313
-2.532530120481928
-1.3987951807228907
-0.9903614457831313
-0.8048192771084342
-0.7144578313253014
-0.8325301204819286
0.35903614457831345
1.9361445783132538
1.727710843373492
1.079518072289158
-0.012048192771084487
1.1253012048192783
2.5698795180722893
3.990361445783133
1.7614457831325296
2.6180722891566255
3.9096385542168672
3.9168674698795165
2.159036144578314
0.9650602409638545
0.7614457831325296
-0.6951807228915658
-1.0277108433734927
-3.796385542168675
-3.5216867469879514
-2.490361445783133
-2.1963855421686738
-1.2939759036144594
-1.9361445783132538
-1.473493975903617
-2.5710843373493955
-3.293975903614456
-2.4084337349397593
-0.33012048192771104
-0.025301204819278666
0.2457831325301214
-1.4156626506024086
-1.1180722891566255
0.27590361445783174
1.2662650602409613
1.7710843373493965
2.9891566265060234
1.8807228915662648
1.1759036144578303
-1.3927710843373475
-0.9313253012048186
0.5301204819277139
0.14578313253011999
1.3132530120481931
0.4349397590361441
1.892771084337351
0.5036144578313255
2.4614457831325325
3.4903614457831296
3.992771084337349
1.7530120481927725
2.040963855421687
2.5927710843373504
3.4024096385542144
3.6108433734939744
3.4891566265060234
2.226506024096384
0.28554216867470217
-0.37228915662650763
-1.1192771084337352
-2.622891566265057
-2.2566265060240944
-2.974698795180725
-5.301204819277107
-3.0831325301204835
-2.355421686746986
-1.4012048192771118
-0.5710843373493972
0.05180722891566347
0.9638554216867448
1.0445783132530089
2.4216867469879553
2.3024096385542165
2.3855421686747
2.85421686746988
3.701204819277109
4.250602409638553
5.0759036144578324
4.067469879518075
3.274698795180722
2.2108433734939723
2.750602409638553
3.6819277108433752
5.138554216867469
4.5036144578313255
3.8795180722891587
4.095180722891566
4.0831325301204835
4.995180722891565
6.387951807228916
6.414457831325301
4.272289156626506
2.880722891566265
2.740963855421686
3.5915662650602407
4.554216867469879
1.5457831325301186
0.8096385542168676
0.8843373493975903
-1.1650602409638573
-0.8204819277108442
0.3373493975903621
-2.727710843373494
-3.6843373493975875
-2.0108433734939766
-0.19879518072289315
1.3036144578313262
0.24698795180722755
-1.191566265060242
-5.422891566265061
-2.218072289156627
-2.2590361445783103
-0.5855421686746993
-0.03012048192771033
0.45662650602409727
-0.021686746987953143
-1.8000000000000007
-3.371084337349398
-4.137349397590359
-4.357831325301202
-5.734939759036141
-3.590361445783131
-2.6734939759036145
-1.3325301204819269
-0.5843373493975896
0.9289156626506028
2.3915662650602414
2.3000000000000007
2.2397590361445765
1.586746987951809
2.621686746987951
1.8530120481927703
1.4554216867469911
-2.6759036144578303
-1.9361445783132503
-2.4144578313253007
-2.801204819277107
-1.8746987951807235
-0.43734939759035996
0.5771084337349421
-0.2734939759036159
-1.5867469879518055
-3.79156626506024
-2.346987951807229
-2.2144578313253014
-1.7289156626506035
-1.3253012048192758
-1.256626506024098
-0.6783132530120497
-1.0746987951807263
-0.08433734939758963
0.5216867469879531
0.7831325301204792
-0.6795180722891558
-1.3024096385542165
-0.8771084337349357
-0.12048192771084132
-0.3795180722891587
-0.20240963855421512
-0.5361445783132552
-2.6144578313253017
-1.1216867469879492
-3.1903614457831306
-3.445783132530119
-2.485542168674698
-1.3156626506024107
-0.8795180722891569
-1.1746987951807224
-0.2698795180722886
0.6313253012048197
2.4060240963855417
1.3710843373493997
1.5626506024096418
0.6192771084337352
-1.0987951807228917
-1.8506024096385563
-1.2674698795180728
-1.2650602409638552
-1.7915662650602417
-0.016867469879519703
-1.3518072289156624
-1.959036144578313
-3.662650602409638
-2.2771084337349397
-2.290361445783132
-2.1084337349397586
-2.6698795180722907
-3.501204819277108
-1.9891566265060234
-1.5759036144578307
-2.555421686746987
-2.839759036144578
-4.53975903614458
-3.6180722891566255
-2.943373493975903
-1.9036144578313259
1.0674698795180717
3.1831325301204814
2.644578313253014
1.7313253012048193
2.151807228915663
2.23975903614458
1.234939759036143
2.0469879518072283
0.4867469879518058
-0.5361445783132535
-0.39759036144578364
-1.5373493975903614
-0.15783132530120536
0.9554216867469876
2.686746987951806
3.8915662650602423
3.96144578313253
3.014457831325301
1.7783132530120485
2.185542168674699
1.0831325301204817
2.345783132530121
2.0
0.05301204819277139
-0.6337349397590355
-3.1192771084337343
-2.1265060240963853
-3.986746987951807
-2.425301204819277
-2.259036144578313
-2.8
-3.275903614457831
-4.210843373493976
-2.495180722891566
-3.053012048192771
-3.950602409638554
-2.7951807228915664
-0.5445783132530124
2.212048192771084
1.4542168674698788
-1.2542168674698795
0.07228915662650648
-0.17228915662650612
-0.3855421686746987
-3.1289156626506025
-4.03012048192771
-4.501204819277108
-5.037349397590361
-5.510843373493976
-3.7361445783132528
-3.0626506024096383
-1.3385542168674698
0.1686746987951806
2.4012048192771087
3.9265060240963856
3.1783132530120484
-0.048192771084337505
-3.842168674698795
-2.6481927710843376
-1.4313253012048195
-0.1987951807228916
-0.6373493975903615
