-0.763855421686747
-0.4373493975903614
-0.9349397590361446
-0.9783132530120483
-0.7084337349397591
-0.8
-0.09879518072289162
2.2759036144578313
3.86144578313253
3.6951807228915663
4.27710843373494
2.436144578313253
2.8493975903614457
3.1891566265060245
3.790361445783132
2.8325301204819278
1.683132530120482
1.9433734939759038
1.616867469879518
0.34337349397590344
-0.8349397590361446
-1.7265060240963854
-1.0518072289156626
-1.1493975903614457
-1.3228915662650604
-0.5795180722891566
0.9951807228915661
0.419277108433735
-0.45421686746987944
-1.0216867469879518
1.3000000000000003
1.0795180722891566
0.010843373493975905
-0.6602409638554216
0.4072289156626505
2.1783132530120484
2.5036144578313255
2.9746987951807227
2.8542168674698796
1.9698795180722897
1.089156626506024
1.6795180722891567
3.3506024096385545
4.083132530120482
3.986746987951807
3.333734939759036
2.8843373493975903
2.557831325301205
4.057831325301205
2.487951807228916
1.5819277108433742
1.656626506024097
0.395180722891566
-1.43855421686747
-2.089156626506024
-1.4963855421686754
-0.6602409638554216
-1.3204819277108433
-0.975903614457831
1.1180722891566264
-1.7397590361445783
-3.431325301204819
-0.30602409638554207
0.8168674698795186
1.7385542168674695
-0.7409638554216862
-3.0361445783132535
-2.5253012048192764
-1.404819277108433
-0.7542168674698786
1.4024096385542153
0.10602409638554189
0.9650602409638571
1.8012048192771086
1.7927710843373497
1.2759036144578317
2.6301204819277118
1.91686746987952
1.0626506024096383
-0.9192771084337341
-0.6156626506024097
1.0048192771084317
1.9626506024096386
1.9445783132530128
0.8891566265060238
0.2939759036144576
1.6759036144578303
2.0915662650602407
0.9469879518072286
2.2228915662650603
3.646987951807228
5.107228915662651
4.538554216867471
4.434939759036144
3.2927710843373497
3.6542168674698807
5.772289156626506
7.813253012048193
8.490361445783133
7.887951807228916
6.557831325301205
6.309638554216868
1.8674698795180724
-0.19879518072289137
-0.9903614457831313
-0.2048192771084345
1.3855421686747
0.8674698795180706
1.6590361445783124
2.936144578313254
3.8277108433734917
2.9795180722891583
1.3879518072289159
2.725301204819278
4.269879518072289
3.3903614457831317
2.461445783132529
1.8180722891566266
0.8096385542168676
0.9168674698795165
2.259036144578314
2.9650602409638545
2.66144578313253
1.1048192771084349
0.772289156626508
0.2036144578313248
1.8783132530120472
3.709638554216868
0.2036144578313266
2.1060240963855428
4.863855421686745
5.726506024096382
3.828915662650603
2.306024096385542
0.1915662650602421
0.16987951807228896
1.5746987951807228
2.7457831325301214
3.4843373493975918
4.981927710843372
5.275903614457832
5.766265060240961
6.2710843373493965
6.989156626506023
6.380722891566265
6.17590361445783
1.8072289156626518
0.8686746987951821
2.030120481927714
3.045783132530122
2.7132530120481917
-0.9650602409638545
1.1927710843373518
1.403614457831324
1.0614457831325304
-0.409638554216869
-0.8072289156626518
-2.7469879518072275
-2.0590361445783145
-1.7072289156626503
-1.5975903614457856
-0.6891566265060227
-0.7108433734939759
-0.2734939759036159
0.38554216867470004
1.527710843373491
2.1807228915662655
0.6771084337349436
0.24337349397590557
-0.6746987951807242
-1.1012048192771076
0.4168674698795165
1.3445783132530131
-0.7012048192771125
0.22891566265059993
-0.4481927710843365
1.1638554216867476
2.244578313253008
3.6216867469879546
4.102409638554217
2.685542168674697
-0.4457831325301207
-2.5987951807228917
-1.049397590361444
0.27590361445783174
0.7674698795180745
1.8746987951807235
1.2108433734939723
1.5506024096385538
1.981927710843376
2.5385542168674675
3.3036144578313227
3.47951807228916
1.2951807228915655
-0.016867469879517927
-0.10481927710843664
-1.0120481927710863
-1.6855421686747007
-2.6277108433734924
-4.619277108433735
-3.5590361445783145
-2.8084337349397615
-2.2457831325301214
-2.754216867469882
-3.8903614457831317
-4.61566265060241
-3.7650602409638587
-3.820481927710844
-3.4626506024096386
-2.427710843373493
-0.9843373493975882
-1.3108433734939773
-0.49879518072289386
1.403614457831324
1.7469879518072275
1.308433734939758
-0.022891566265059282
-0.7180722891566269
-0.559036144578311
-0.5855421686746993
-1.5301204819277103
-2.0433734939759027
-1.9216867469879553
-0.5999999999999979
0.22891566265060348
1.1626506024096415
1.2421686746987959
1.6650602409638573
2.509638554216867
3.526506024096385
4.867469879518072
5.015662650602408
5.928915662650603
6.991566265060239
7.5
7.539759036144577
6.486746987951808
6.721686746987952
1.653012048192771
0.9554216867469911
1.6240963855421668
2.863855421686747
3.8855421686747
2.698795180722893
4.025301204819279
3.7626506024096393
1.0771084337349421
1.926506024096387
0.5132530120481924
1.0084337349397607
1.9530120481927717
2.8855421686747
3.4710843373493994
3.774698795180722
3.643373493975904
3.5216867469879496
4.325301204819276
4.41566265060241
4.521686746987953
3.58313253012048
0.12048192771084132
-2.3024096385542165
-0.2771084337349379
0.1795180722891594
1.2204819277108392
1.3975903614457827
1.5638554216867462
2.185542168674697
2.378313253012049
2.809638554216871
3.554216867469883
3.214457831325303
2.784337349397589
3.3204819277108424
3.1253012048192783
3.63012048192771
4.03132530120482
4.406024096385542
4.671084337349397
1.6626506024096397
-1.2807228915662652
-1.6987951807228914
-0.9506024096385559
2.2325301204819272
3.234939759036143
3.3084337349397597
0.6831325301204796
-2.0518072289156617
-2.8590361445783135
-2.2626506024096376
-1.7771084337349397
-0.09036144578313277
-1.1084337349397586
-3.1698795180722907
-3.001204819277108
-3.289156626506024
-3.475903614457831
-2.4554216867469876
-0.13975903614457863
-0.3397590361445797
0.5819277108433738
0.05662650602409691
0.6963855421686755
1.0674698795180717
0.08313253012048172
-0.35542168674698615
1.0313253012048182
2.651807228915663
5.039759036144579
4.734939759036143
3.9469879518072286
3.986746987951806
3.9638554216867465
1.702409638554217
1.362650602409638
0.7421686746987941
-0.04457831325301154
-1.613253012048193
-1.508433734939758
-2.4385542168674705
-2.0855421686746984
-1.9216867469879517
-2.014457831325301
-1.3168674698795186
-1.4542168674698792
-0.39999999999999947
0.8530120481927712
0.3662650602409645
-0.31927710843373447
-0.5265060240963848
-0.5867469879518072
-0.22530120481927707
0.0409638554216869
0.20000000000000018
0.42409638554216933
2.8891566265060242
3.604819277108434
2.046987951807229
3.9493975903614453
2.004819277108434
-0.24457831325301216
1.6120481927710846
1.4542168674698788
3.8457831325301206
2.2722891566265067
4.0277108433734945
1.2144578313253014
2.371084337349397
1.169879518072289
0.49879518072289164
1.1626506024096386
-0.5108433734939759
-2.536144578313253
-2.5626506024096383
-1.6385542168674698
-0.7313253012048193
-0.19879518072289137
1.1265060240963858
1.1783132530120484
-0.34819277108433755
0.05783132530120483
0.5518072289156626
-0.13132530120481944
0.10120481927710845
0.6626506024096386
