1.7361445783132532
1.3626506024096385
2.6650602409638555
0.9216867469879517
1.8915662650602407
3.8000000000000003
2.2012048192771085
2.2759036144578313
2.76144578313253
2.7951807228915664
2.17710843373494
1.436144578313253
2.2493975903614456
1.289156626506024
-1.7096385542168675
-2.3674698795180724
-2.6168674698795185
-1.7566265060240964
-0.08313253012048194
2.0433734939759036
1.4650602409638556
2.8734939759036147
3.448192771084337
2.450602409638554
0.8771084337349397
-0.3795180722891567
0.395180722891566
0.11927710843373474
-0.45421686746987944
-1.5216867469879516
-3.3
-4.0204819277108435
-5.1891566265060245
-6.660240963855422
-7.092771084337349
-6.521686746987951
-7.196385542168675
-5.925301204819277
-3.34578313253012
-4.03012048192771
-6.110843373493976
-6.920481927710843
-6.049397590361446
-4.616867469879518
-4.013253012048192
-3.166265060240964
0.28433734939759026
0.05783132530120483
1.257831325301205
2.487951807228916
-0.21807228915662602
-0.6433734939759033
-0.3048192771084337
0.3614457831325302
4.210843373493977
4.5036144578313255
3.9397590361445785
2.1795180722891567
1.024096385542169
5.918072289156627
5.460240963855421
4.168674698795181
4.2939759036144585
2.3168674698795186
0.5385542168674702
0.2590361445783138
1.1638554216867467
2.174698795180724
-0.00481927710843344
0.34578313253012105
3.4024096385542153
3.106024096385542
3.265060240963856
4.201204819277109
3.4927710843373507
2.3759036144578314
2.4301204819277107
1.0168674698795197
0.9626506024096386
2.9807228915662662
3.48433734939759
3.3048192771084324
3.7626506024096393
3.7445783132530135
4.289156626506024
4.393975903614457
5.17590361445783
5.591566265060241
6.346987951807229
5.122891566265061
1.146987951807228
0.6072289156626507
1.6385542168674707
1.3349397590361445
1.8927710843373493
2.054216867469881
1.9722891566265055
-1.0867469879518072
-2.709638554216868
-2.7120481927710838
-3.4421686746987943
-2.6903614457831324
-0.7325301204819272
-0.8987951807228907
-1.5903614457831328
-1.3048192771084342
-0.4144578313253007
-2.9325301204819283
-3.3409638554216876
-1.863855421686747
-2.3722891566265076
-0.920481927710842
-2.612048192771084
-2.474698795180723
-2.4301204819277107
-1.1096385542168665
1.461445783132529
4.318072289156625
2.209638554216868
1.1168674698795176
0.5590361445783127
0.0650602409638541
0.3614457831325293
0.10481927710843486
0.07228915662650692
-0.8963855421686748
-0.7216867469879524
-0.3903614457831335
0.803614457831328
3.0060240963855414
4.763855421686747
5.826506024096384
-2.471084337349396
-2.3939759036144572
-1.6084337349397586
-2.4301204819277107
-3.1253012048192783
-3.1542168674698807
-2.9156626506024086
-3.1180722891566255
-4.224096385542168
-2.2337349397590387
2.2710843373493965
3.6891566265060227
1.6807228915662655
0.27590361445783174
0.4072289156626532
0.6686746987951793
1.6301204819277118
1.8457831325301228
1.913253012048191
2.734939759036145
1.6927710843373518
1.1036144578313234
0.16144578313253177
0.2903614457831303
0.5927710843373468
-0.14698795180722968
-0.15903614457831594
0.19277108433734824
-1.1975903614457835
-1.2891566265060241
-3.0108433734939766
-1.9734939759036152
-2.4144578313253007
-0.972289156626509
1.080722891566264
2.9771084337349407
3.843373493975907
3.9253012048192772
3.8987951807228924
2.9168674698795165
3.4445783132530146
1.7987951807228875
1.628915662650602
2.6518072289156613
1.863855421686747
1.8445783132530096
2.7216867469879524
3.402409638554218
3.985542168674698
4.35421686746988
1.3012048192771068
1.450602409638556
1.2759036144578317
1.2674698795180745
0.47469879518072133
0.9108433734939752
1.5506024096385538
1.981927710843376
1.9385542168674696
0.7036144578313248
0.8795180722891587
0.5951807228915662
0.2831325301204828
-1.0048192771084352
-0.9120481927710848
-0.38554216867470004
1.1722891566265048
1.8807228915662648
1.040963855421687
-0.70843373493976
-2.64578313253012
-3.0542168674698793
0.6096385542168683
2.2843373493975925
3.034939759036142
3.8795180722891587
3.4373493975903635
2.1722891566265083
2.215662650602411
1.1891566265060227
2.4012048192771083
3.0036144578313255
2.946987951807227
1.6084337349397586
0.07710843373493859
0.38192771084337096
0.8409638554216876
1.8144578313253028
3.3698795180722882
1.9566265060240973
2.178313253012046
1.6999999999999993
1.128915662650602
1.2626506024096393
2.5421686746987966
3.1650602409638573
4.309638554216868
5.226506024096384
6.767469879518071
7.315662650602409
7.528915662650604
8.09156626506024
6.0
5.339759036144578
5.686746987951807
2.521686746987953
0.7530120481927689
1.9554216867469911
3.124096385542167
2.4638554216867483
-1.2144578313253014
-3.4012048192771083
-1.774698795180722
-1.337349397590362
0.07710843373494214
1.3265060240963855
2.5132530120481924
2.3084337349397615
2.3530120481927703
2.485542168674698
3.1710843373493987
3.474698795180725
-0.45662650602409727
-1.378313253012049
-1.4746987951807249
-0.48433734939759177
0.22168674698795243
0.28313253012047923
1.5204819277108435
1.8975903614457827
-1.1771084337349365
-1.2204819277108392
-0.1795180722891594
-0.10240963855421725
0.2638554216867455
-0.3144578313253028
1.378313253012049
2.2096385542168697
1.7542168674698821
0.31445783132530103
1.4843373493975882
1.5204819277108417
1.425301204819279
1.3301204819277093
1.7313253012048193
1.2060240963855424
2.3710843373493997
3.262650602409641
0.5192771084337355
1.8012048192771104
1.4493975903614444
0.6325301204819276
1.5349397590361438
0.008433734939758963
0.4831325301204803
-0.7518072289156628
-1.8590361445783135
-1.9626506024096386
0.42289156626505964
0.6096385542168665
1.3915662650602414
2.0301204819277103
3.498795180722892
3.210843373493976
2.2240963855421683
1.0445783132530124
0.2602409638554217
1.26024096385542
-4.718072289156626
-4.243373493975904
-4.903614457831325
-1.8325301204819286
-0.4168674698795183
0.9445783132530128
0.831325301204819
1.5518072289156635
2.8397590361445797
-0.5650602409638559
-1.153012048192771
-1.2132530120481935
0.5638554216867462
1.4024096385542162
1.862650602409638
1.5421686746987948
2.1554216867469886
2.7867469879518074
1.7915662650602409
0.4614457831325298
-0.6855421686746981
-0.22168674698795154
3.185542168674699
3.8831325301204824
2.5457831325301212
2.3
3.853012048192771
4.3662650602409645
5.380722891566266
4.8734939759036155
5.313253012048193
5.674698795180723
4.440963855421686
2.8
1.7240963855421692
1.0891566265060244
-1.0951807228915662
-0.653012048192771
-1.8506024096385543
-1.5951807228915662
-3.0445783132530124
-3.1879518072289157
-3.645783132530121
-1.7542168674698795
-1.8277108433734937
-3.1722891566265057
-3.0855421686746984
-3.1289156626506025
-2.830120481927711
-3.1012048192771084
-2.0373493975903614
-2.410843373493976
-0.8361445783132528
-1.7626506024096382
0.06144578313253035
-0.6313253012048192
1.101204819277109
1.5265060240963857
2.778313253012048
4.151807228915662
1.657831325301205
2.9518072289156625
2.0686746987951805
1.0012048192771084
0.8626506024096385
