-0.06385542168674696
2.5626506024096387
0.6650602409638555
3.0216867469879514
6.091566265060241
7.5
5.301204819277108
4.375903614457831
3.7614457831325305
2.995180722891566
2.5771084337349395
2.036144578313253
1.649397590361446
1.0891566265060242
0.1903614457831324
0.1325301204819278
-1.1168674698795182
-1.1566265060240963
-0.18313253012048192
0.1433734939759035
0.6650602409638553
0.5734939759036144
0.04819277108433728
0.8506024096385543
-1.2228915662650603
0.5204819277108432
-0.5048192771084339
0.419277108433735
-0.1542168674698794
1.6783132530120481
2.9
1.2795180722891564
2.910843373493976
2.7397590361445787
0.5072289156626506
1.0783132530120483
0.8036144578313253
0.6746987951807228
-1.5457831325301203
-2.630120481927711
-3.510843373493976
-3.220481927710843
-3.1493975903614455
-3.216867469879518
-1.6132530120481927
0.4337349397590362
0.28433734939759026
-0.8421686746987955
-0.9421686746987952
-1.3120481927710839
-0.718072289156626
-2.2433734939759034
-3.604819277108434
-3.6385542168674703
-4.089156626506024
-3.8963855421686753
-2.9602409638554215
-1.3204819277108433
1.2240963855421692
1.4180722891566262
0.5602409638554215
0.8686746987951812
0.2939759036144576
-0.38313253012048154
0.6385542168674698
2.0590361445783136
2.363855421686746
1.8746987951807235
2.095180722891567
1.345783132530121
0.9024096385542162
-0.0939759036144574
-2.0349397590361438
-3.498795180722892
-4.80722891566265
-5.624096385542169
-7.469879518072289
-6.1831325301204805
-4.937349397590361
-3.5192771084337338
-1.4156626506024095
-0.6951807228915676
-2.0373493975903614
-3.4554216867469867
-5.410843373493976
-4.906024096385542
-4.424096385542169
-3.4084337349397593
-3.2530120481927707
-1.3771084337349393
-3.653012048192772
-2.3927710843373493
-0.9614457831325289
-1.3650602409638566
-2.507228915662651
-1.64578313253012
-1.0277108433734945
-3.9867469879518067
-3.5096385542168687
-1.2120481927710838
-0.44216867469879517
1.0096385542168687
0.8674698795180724
2.8012048192771086
3.5096385542168687
4.595180722891566
5.185542168674701
5.367469879518071
4.459036144578313
-0.5638554216867462
-0.5722891566265069
-1.420481927710842
0.1879518072289148
1.525301204819277
2.1698795180722907
1.9903614457831331
0.5614457831325286
1.3180722891566266
1.4096385542168672
2.016867469879518
2.959036144578315
2.4650602409638545
1.7614457831325296
1.7048192771084345
1.1722891566265083
1.5036144578313255
1.678313253012048
1.3096385542168658
3.0036144578313273
1.0060240963855414
0.7638554216867472
-0.47349397590361697
-0.7710843373493965
-0.49397590361445687
-0.10843373493975861
-2.2301204819277096
-1.225301204819278
-3.4542168674698797
-2.4156626506024086
-3.018072289156626
-3.1240963855421686
-2.8337349397590383
-1.0289156626506042
-6.210843373493978
-7.919277108433736
-5.824096385542168
-4.292771084337348
-3.831325301204819
-4.369879518072288
-4.354216867469878
-3.586746987951809
-1.9650602409638545
-0.10722891566264892
-1.7963855421686752
-0.7385542168674704
-0.6096385542168683
-0.9072289156626532
-0.14698795180722968
-0.15903614457831594
-2.8072289156626518
-3.0975903614457856
-0.5891566265060248
0.5891566265060248
1.6265060240963862
2.3855421686747
2.3277108433734917
2.080722891566264
3.9771084337349407
4.943373493975905
4.725301204819278
3.2987951807228946
0.4168674698795165
0.14457831325301385
-0.4012048192771118
-1.371084337349398
-1.048192771084338
-2.136144578313253
-5.055421686746989
-5.978313253012047
-4.097590361445782
-1.8144578313253028
-0.14578313253011999
0.8012048192771068
-1.049397590361444
0.5759036144578324
2.367469879518076
2.4746987951807213
1.8108433734939737
2.150602409638555
2.6819277108433752
1.638554216867469
2.3036144578313227
0.8795180722891587
0.0951807228915662
0.2831325301204828
1.8951807228915634
2.4879518072289137
1.6144578313253
0.7722891566265062
0.9807228915662662
1.7409638554216862
3.0915662650602407
3.2542168674698786
3.64578313253012
3.209638554216866
3.2843373493975925
4.034939759036142
4.9795180722891565
5.4373493975903635
-0.8277108433734917
-0.6843373493975875
0.5891566265060213
1.8012048192771068
2.6036144578313234
3.846987951807229
4.408433734939759
4.977108433734941
4.781927710843373
4.340963855421688
1.4144578313253007
1.7698795180722904
2.4566265060240973
2.5783132530120447
2.8000000000000007
3.128915662650602
-2.3373493975903585
-1.857831325301202
-1.1349397590361434
0.1096385542168683
1.1265060240963862
0.6674698795180731
-0.38433734939759034
-0.7710843373493965
-0.30843373493976145
0.6999999999999993
0.43975903614457934
-1.2132530120481917
-2.678313253012046
-3.246987951807231
-1.1445783132530103
-0.975903614457831
-0.43614457831325026
0.6855421686747007
1.0987951807228917
0.6253012048192765
1.3626506024096408
2.2771084337349414
2.426506024096387
2.7132530120481917
3.0084337349397607
2.153012048192771
1.485542168674698
-0.32891566265060135
-2.1253012048192765
-2.9566265060240973
-2.1783132530120497
-0.8746987951807235
-1.684337349397591
-2.478313253012047
-1.8168674698795186
-2.4795180722891565
-0.20240963855421867
0.6228915662650643
-0.020481927710839898
1.1204819277108413
0.9975903614457842
1.4638554216867448
1.6855421686746972
2.278313253012051
2.809638554216871
3.85421686746988
2.1144578313253017
-0.9156626506024104
-0.4795180722891583
0.02530120481927689
-0.7698795180722886
-1.3686746987951803
-2.893975903614459
-0.6289156626506021
0.06265060240964004
0.21927710843373482
0.3012048192771086
-0.1506024096385552
-3.167469879518073
-2.9650602409638562
-1.5915662650602425
-0.716867469879519
-0.45180722891566205
0.8409638554216858
1.4373493975903617
-0.27710843373493965
0.20963855421686795
1.991566265060241
2.9301204819277107
3.498795180722892
3.8108433734939755
4.524096385542169
4.044578313253012
5.360240963855421
5.16024096385542
5.6819277108433734
4.856626506024096
5.096385542168674
4.167469879518071
2.783132530120481
3.2445783132530135
3.331325301204819
1.1518072289156631
1.9397590361445793
2.234939759036143
3.346987951807229
4.186746987951807
4.763855421686747
1.3024096385542165
2.4626506024096395
0.5421686746987948
1.355421686746988
2.2867469879518074
1.2915662650602409
2.661445783132529
3.314457831325302
2.9783132530120486
3.8855421686746983
3.6831325301204814
-0.054216867469879304
-0.7999999999999998
-1.4469879518072286
0.46626506024096415
-0.11927710843373429
-2.826506024096385
-3.486746987951807
-4.025301204819277
-3.5590361445783127
-3.6
-2.5759036144578307
-1.6108433734939758
-1.8951807228915662
-2.253012048192771
-1.1506024096385543
0.7048192771084336
1.455421686746988
-1.3879518072289156
-0.9457831325301207
0.3457831325301206
-0.5277108433734936
-1.572289156626506
-1.3855421686746987
-0.6289156626506025
0.16987951807228896
-0.8012048192771084
-0.4373493975903615
-0.11084337349397577
-0.23614457831325297
1.8373493975903616
1.4614457831325303
3.9686746987951804
4.001204819277108
4.426506024096385
5.878313253012049
6.651807228915663
3.5578313253012053
2.6518072289156627
4.768674698795181
1.6012048192771084
0.4626506024096386
