-0.463855421686747
1.1626506024096388
1.3650602409638555
2.9216867469879517
5.091566265060241
3.6
4.001204819277108
4.875903614457831
5.2614457831325305
5.7951807228915655
6.27710843373494
4.436144578313254
3.7493975903614456
3.589156626506024
0.7903614457831325
1.032530120481928
3.483132530120482
4.343373493975903
5.716867469879518
6.343373493975903
4.1650602409638555
3.9734939759036143
5.248192771084337
4.050602409638554
1.8771084337349397
2.2204819277108436
1.5951807228915662
0.7192771084337348
-1.1542168674698794
-0.22168674698795177
1.6
2.879518072289157
4.510843373493976
4.139759036144579
3.3072289156626504
3.278313253012048
3.0036144578313255
2.374698795180723
1.6542168674698794
3.669879518072289
0.8891566265060238
2.579518072289157
2.750602409638554
1.5831325301204822
2.5867469879518077
1.5337349397590363
3.98433734939759
4.957831325301204
4.6578313253012045
4.4879518072289155
3.381927710843374
3.456626506024097
3.595180722891566
2.0614457831325295
1.7108433734939759
1.8036144578313245
1.4397590361445785
1.2795180722891564
1.524096385542169
1.0180722891566267
1.5602409638554215
0.46867469879518087
2.4939759036144578
2.3168674698795186
3.03855421686747
3.259036144578314
2.863855421686746
3.274698795180724
1.2951807228915664
1.9457831325301207
2.702409638554216
2.806024096385543
3.0650602409638568
3.4012048192771083
5.892771084337351
5.275903614457832
3.530120481927712
5.316867469879519
4.462650602409639
3.8807228915662666
2.3843373493975903
0.004819277108431663
0.06265060240963827
-3.355421686746987
-1.410843373493976
-0.7060240963855424
0.6759036144578303
1.3915662650602414
2.346987951807229
2.1228915662650607
1.346987951807229
1.007228915662651
3.2385542168674704
2.0349397590361438
3.6927710843373482
3.4542168674698797
4.672289156626505
4.013253012048192
3.3903614457831317
3.087951807228917
3.457831325301205
3.409638554216869
3.667469879518073
4.201204819277109
1.4096385542168672
-0.5048192771084334
0.38554216867470004
0.36746987951807064
-0.8409638554216876
0.1361445783132531
-0.17228915662650834
1.1795180722891576
2.687951807228915
3.025301204819277
3.4698795180722914
3.790361445783134
0.7614457831325296
-1.781927710843373
0.9096385542168672
-0.38313253012048243
-0.0409638554216869
-2.0349397590361455
-0.5385542168674711
0.8048192771084342
0.6722891566265083
1.1036144578313252
-0.12168674698795279
-0.1903614457831324
1.7036144578313266
2.1060240963855428
0.26385542168674725
-1.6734939759036163
-2.971084337349396
-1.6939759036144562
-0.70843373493976
-0.03012048192771033
0.17469879518072062
0.14578313253011999
-0.4156626506024068
0.6819277108433752
2.475903614457831
3.066265060240962
2.0710843373493972
0.889156626506022
1.7807228915662634
0.27590361445783174
-0.6927710843373482
-0.6313253012048179
-0.16987951807228896
1.8457831325301228
-0.2867469879518083
0.7349397590361448
0.49277108433734895
0.6036144578313234
-0.8385542168674682
0.3903614457831317
2.1927710843373482
4.2530120481927725
6.9409638554216855
7.29277108433735
7.8024096385542165
8.410843373493975
8.989156626506023
6.726506024096384
2.785542168674702
-0.5722891566265069
-0.31927710843373447
-1.2228915662650586
-1.2566265060240944
-0.07469879518072275
0.7987951807228946
0.5168674698795179
2.344578313253013
1.3987951807228889
0.8289156626506013
-1.548192771084338
-2.136144578313253
-0.9554216867469911
-0.7783132530120476
-1.2975903614457813
-2.1144578313253
-2.545783132530122
-2.698795180722893
-1.4493975903614462
-1.7240963855421683
-1.3325301204819269
0.27469879518072204
-0.8891566265060256
-3.6493975903614455
-3.3180722891566248
-3.361445783132531
-1.1963855421686773
-2.3204819277108406
-3.304819277108436
-2.3168674698795186
-0.6048192771084366
0.8879518072289159
1.3144578313252993
1.9722891566265055
2.780722891566267
2.1409638554216883
-2.70843373493976
-1.7457831325301214
-0.9542168674698814
-3.1903614457831324
-1.9156626506024068
-3.2650602409638587
-1.5204819277108435
-1.4626506024096386
-3.8277108433734917
-4.08433734939759
-0.8108433734939773
-1.3987951807228924
-1.9963855421686745
-2.7530120481927725
-1.8915662650602414
-1.2228915662650621
-1.3180722891566283
-0.8590361445783117
-0.5855421686746993
-0.9301204819277125
0.45662650602409727
0.9783132530120469
0.0
-1.5710843373493972
-2.1373493975903592
-3.857831325301202
-4.834939759036143
-4.190361445783132
-2.8734939759036138
-3.9325301204819283
-3.9843373493975918
-3.0710843373493972
-2.9084337349397593
-2.5
-2.460240963855423
-3.5132530120481924
-3.478313253012047
-0.6469879518072297
-1.2445783132530082
-0.6759036144578303
0.763855421686749
-0.4144578313253007
-0.8012048192771068
-1.1746987951807206
-2.337349397590362
-0.32289156626506
0.026506024096384806
0.5132530120481924
1.3084337349397615
1.8530120481927703
0.9855421686746979
0.47108433734939936
-0.9253012048192772
-2.556626506024095
-1.5783132530120518
0.025301204819275114
0.015662650602408235
0.9216867469879553
0.6831325301204814
-0.27951807228915726
0.2975903614457813
1.6228915662650643
1.47951807228916
1.8204819277108406
-1.0024096385542158
-2.636144578313253
-1.4144578313253007
-0.22168674698794888
0.409638554216869
1.1542168674698807
1.814457831325301
2.484337349397588
2.3204819277108424
1.925301204819279
1.2301204819277114
1.03132530120482
0.9060240963855417
0.9710843373493976
-0.6373493975903592
1.2192771084337348
2.0012048192771097
3.2493975903614434
3.032530120481928
3.5349397590361438
3.508433734939759
3.1831325301204796
3.2481927710843372
3.740963855421686
5.037349397590363
4.622891566265059
5.6096385542168665
4.691566265060242
5.830120481927709
1.5987951807228917
0.8108433734939755
0.7240963855421683
0.6445783132530138
0.2602409638554217
0.3602409638554196
-0.21807228915662513
-0.7433734939759038
-0.7036144578313248
-0.232530120481929
0.4831325301204821
0.9445783132530128
1.831325301204819
3.0518072289156635
3.8397590361445797
2.1349397590361434
2.2469879518072293
2.2867469879518065
3.7638554216867472
4.1024096385542155
5.062650602409639
4.842168674698794
4.655421686746989
3.386746987951807
4.991566265060242
3.7614457831325305
2.514457831325301
2.378313253012049
1.0855421686746984
0.38313253012048154
1.345783132530121
2.1000000000000005
2.353012048192771
3.1662650602409634
3.8807228915662657
3.973493975903615
3.313253012048193
4.474698795180724
6.540963855421688
6.300000000000001
7.6240963855421695
6.389156626506024
5.7048192771084345
5.046987951807228
5.749397590361446
5.804819277108434
3.455421686746988
1.9120481927710844
2.5542168674698793
0.3457831325301206
-0.2277108433734938
1.1277108433734941
4.214457831325301
5.071084337349397
5.669879518072289
5.698795180722891
2.862650602409638
2.4891566265060243
2.9638554216867474
3.137349397590362
3.56144578313253
0.9686746987951809
1.7012048192771085
2.7265060240963854
1.9783132530120482
2.451807228915662
-0.9421686746987951
-0.4481927710843373
-0.031325301204819356
-0.8987951807228916
-2.5373493975903614
