-2.363855421686747
-0.13734939759036136
0.2650602409638554
0.7216867469879518
4.19156626506024
-1.2
-3.8987951807228916
-4.024096385542169
-3.73855421686747
-2.8048192771084337
-2.52289156626506
-1.463855421686747
-0.1506024096385542
1.289156626506024
0.8903614457831326
-1.467469879518072
0.1831325301204818
-1.1566265060240963
-0.2831325301204819
-1.0566265060240965
-1.7349397590361446
-1.2265060240963856
-0.25180722891566265
0.1506024096385541
-0.12289156626506026
-1.4795180722891568
-1.104819277108434
-0.6807228915662651
-1.4542168674698794
-0.4216867469879517
1.2000000000000002
1.8795180722891565
2.6108433734939753
3.2397590361445787
3.0072289156626506
0.4783132530120482
2.203614457831325
3.7746987951807234
2.954216867469879
1.669879518072289
0.3891566265060238
1.7795180722891564
3.1506024096385543
2.9831325301204816
3.8867469879518075
2.4337349397590358
3.28433734939759
4.1578313253012045
3.4578313253012043
0.3879518072289163
0.4819277108433737
2.7566265060240966
2.395180722891566
3.46144578313253
5.510843373493976
2.5036144578313246
0.6397590361445786
2.079518072289156
3.324096385542169
3.218072289156626
2.8602409638554214
1.8686746987951812
2.693975903614457
2.3168674698795186
2.33855421686747
3.759036144578314
3.363855421686746
3.8746987951807235
5.895180722891566
2.9457831325301207
2.1024096385542164
1.5060240963855422
2.5650602409638568
3.1012048192771076
3.5927710843373504
3.3759036144578314
4.630120481927712
5.91686746987952
4.462650602409639
4.480722891566266
3.8843373493975903
3.104819277108433
2.7626506024096393
2.844578313253013
2.289156626506024
1.193975903614458
1.975903614457831
3.6915662650602403
5.246987951807229
4.92289156626506
3.5469879518072283
2.9072289156626514
4.638554216867471
3.8349397590361445
2.492771084337349
2.35421686746988
2.572289156626505
3.813253012048193
4.790361445783132
5.087951807228917
5.557831325301205
5.009638554216869
5.667469879518073
4.50120481927711
4.009638554216869
4.595180722891566
2.185542168674699
-0.5325301204819279
-1.9409638554216873
-1.7638554216867455
-1.572289156626507
0.17951807228915762
2.387951807228916
0.3253012048192776
0.6698795180722907
-0.8096385542168676
-0.4385542168674714
-1.5819277108433738
-1.790361445783132
-0.8831325301204824
-3.540963855421687
-3.5349397590361455
-2.1385542168674707
-1.6951807228915658
-0.727710843373492
-1.8963855421686748
-2.0216867469879514
-0.3903614457831335
0.10361445783132694
-1.393975903614459
-1.0361445783132535
-0.37349397590361555
1.0289156626506024
1.2060240963855442
2.191566265060242
3.7698795180722904
4.274698795180722
4.545783132530119
0.9843373493975918
0.18192771084337522
1.0759036144578324
2.4662650602409606
3.8710843373493944
4.989156626506023
4.580722891566264
2.875903614457833
4.20722891566265
5.368674698795182
6.530120481927714
6.745783132530121
5.713253012048192
4.634939759036143
4.692771084337352
5.103614457831323
2.9614457831325325
1.090361445783131
-0.4072289156626532
0.5530120481927732
0.0409638554216869
1.1927710843373482
3.702409638554215
5.010843373493977
5.789156626506024
6.526506024096385
5.585542168674699
3.427710843373493
6.1807228915662655
6.877108433734943
4.343373493975907
3.725301204819278
4.698795180722893
5.316867469879519
6.044578313253016
6.098795180722888
6.2289156626506
2.6518072289156613
2.1638554216867476
1.1445783132530103
-1.2783132530120476
-2.597590361445782
-3.2144578313253014
-3.045783132530122
-1.0987951807228917
1.0506024096385538
0.9759036144578346
2.367469879518076
3.274698795180722
3.6108433734939744
4.750602409638553
3.3819277108433745
2.0385542168674675
-0.19638554216867732
1.079518072289158
2.495180722891565
0.5831325301204835
0.8951807228915634
-0.012048192771086264
-0.2855421686746986
0.6722891566265048
1.580722891566264
0.8409638554216876
0.49156626506023926
0.85421686746988
1.5457831325301186
-1.0903614457831345
-1.1156626506024097
-1.3650602409638566
-0.920481927710842
0.23734939759036422
0.6722891566265083
0.21566265060241108
1.6891566265060227
3.301204819277107
4.103614457831323
4.946987951807227
5.108433734939759
5.077108433734939
2.381927710843371
1.2409638554216897
1.8144578313253028
-0.6301204819277118
-0.3433734939758999
-4.321686746987954
-1.5999999999999979
-1.0710843373493972
0.26265060240963933
1.2421686746987959
2.1650602409638573
3.3096385542168676
4.026506024096385
1.8674698795180724
-0.48433734939759177
0.02891566265060419
0.79156626506024
1.3999999999999986
3.1397590361445786
4.186746987951807
4.921686746987952
6.253012048192769
5.755421686746992
5.024096385542169
5.463855421686748
4.8855421686747
0.5987951807228917
-2.9746987951807213
-0.8373493975903621
-1.0228915662650593
0.42650602409638694
1.5132530120481924
1.8084337349397615
0.3530120481927703
0.1855421686746972
-3.0289156626506006
-0.42530120481927725
-0.15662650602409656
-1.4783132530120504
-1.1746987951807242
-2.5843373493975896
-2.478313253012047
-3.3168674698795186
-3.2795180722891573
-2.8024096385542165
-1.1771084337349365
-2.220481927710841
-1.1795180722891594
-0.10240963855421725
0.3638554216867469
0.1855421686746972
0.4783132530120504
1.2096385542168697
1.85421686746988
1.0144578313253003
0.8843373493975903
-0.9795180722891583
0.1253012048192783
0.5301204819277121
0.4313253012048186
1.8060240963855403
2.2710843373493983
0.1626506024096397
1.919277108433736
0.6012048192771093
1.049397590361444
1.8325301204819269
2.5349397590361438
2.8084337349397597
2.9831325301204803
3.2481927710843372
3.4409638554216855
2.337349397590362
2.2228915662650603
2.209638554216868
0.991566265060241
1.8301204819277093
3.8987951807228924
3.210843373493976
3.9240963855421693
1.3445783132530131
1.7602409638554217
4.16024096385542
3.081927710843374
4.356626506024096
3.596385542168674
1.767469879518071
0.38313253012048243
0.34457831325301314
1.5313253012048182
3.151807228915663
2.3397590361445797
-0.06506024096385588
0.1469879518072279
1.6867469879518069
1.363855421686747
0.4024096385542162
-0.7373493975903616
-0.5578313253012057
1.1554216867469886
-0.9132530120481936
-2.1084337349397586
0.06144578313252946
-0.8855421686746983
1.0783132530120483
0.8855421686746983
-0.2168674698795181
1.7457831325301205
3.2
3.653012048192772
2.566265060240964
3.080722891566265
2.773493975903615
-0.9867469879518072
-1.9253012048192768
-1.0590361445783127
0.0
-1.5759036144578307
-0.6108433734939758
-2.995180722891566
-3.453012048192771
-2.0506024096385542
-1.4951807228915663
-0.8445783132530122
0.3120481927710843
0.9542168674698788
-3.65421686746988
-2.727710843373494
-0.47228915662650595
-1.7855421686746986
0.6710843373493973
-0.6301204819277109
-1.4012048192771085
1.0626506024096385
-2.1108433734939758
-3.036144578313253
-3.2626506024096384
-3.83855421686747
-2.9313253012048195
-2.5987951807228913
0.026506024096385694
1.1783132530120484
1.4518072289156625
2.4578313253012047
3.4518072289156625
1.6686746987951804
0.9012048192771085
0.16265060240963858
