2.336144578313253
2.9626506024096386
1.2650602409638554
3.7216867469879515
2.191566265060241
5.0
7.001204819277108
9.875903614457831
8.961445783132529
6.495180722891567
5.37710843373494
3.736144578313253
2.4493975903614458
0.7891566265060241
1.3903614457831326
2.3325301204819278
1.4831325301204819
1.9433734939759038
2.716867469879518
1.5433734939759034
3.265060240963855
3.573493975903615
1.6481927710843371
1.8506024096385543
2.97710843373494
4.220481927710843
5.195180722891566
2.5192771084337346
3.145783132530121
4.578313253012048
4.1
3.879518072289157
3.5108433734939757
2.2397590361445787
1.0072289156626506
1.4783132530120482
1.903614457831325
0.9746987951807231
0.6542168674698794
1.9698795180722897
2.289156626506024
1.0795180722891566
1.0506024096385542
-0.816867469879518
-0.8132530120481927
-0.8662650602409638
0.5843373493975901
1.9578313253012043
1.1578313253012045
1.2879518072289158
0.38192771084337407
0.3566265060240963
-0.5048192771084339
-1.5385542168674702
0.7108433734939759
-3.296385542168675
-6.160240963855422
-7.0204819277108435
-6.975903614457831
-6.881927710843374
-6.639759036144579
-6.931325301204819
-4.106024096385543
-1.0831325301204817
0.03855421686747018
0.05903614457831363
0.26385542168674636
2.274698795180724
2.395180722891566
1.345783132530121
1.8024096385542157
1.7060240963855415
1.1650602409638564
-0.5987951807228917
1.5927710843373504
-0.5240963855421681
-1.0698795180722884
-4.583132530120481
-2.7373493975903607
-3.8192771084337345
-3.51566265060241
-3.395180722891568
-2.5373493975903614
-1.855421686746987
-0.8108433734939755
0.09397590361445829
0.3759036144578314
0.991566265060241
2.0469879518072283
-0.8771084337349393
1.146987951807228
-1.1927710843373482
-0.66144578313253
-0.7650602409638569
1.492771084337349
0.9542168674698797
2.372289156626504
2.9132530120481928
0.9903614457831313
-0.11204819277108413
-1.3421686746987938
-0.09036144578313099
-0.23253012048192723
1.5012048192771097
2.5096385542168687
4.195180722891566
5.285542168674699
6.367469879518071
5.5590361445783145
6.436144578313254
6.327710843373492
6.279518072289159
5.187951807228917
4.925301204819279
5.269879518072289
5.490361445783133
4.161445783132528
5.018072289156628
4.709638554216868
2.016867469879518
0.059036144578312744
-1.3349397590361463
1.16144578313253
2.804819277108434
3.3722891566265076
4.903614457831324
3.678313253012048
3.0096385542168687
1.6036144578313252
2.1060240963855428
2.563855421686748
1.9265060240963852
1.0289156626506024
-2.5939759036144565
-2.8084337349397597
-1.330120481927711
-0.8253012048192776
0.64578313253012
1.184337349397591
0.4819277108433724
0.7759036144578317
-0.5337349397590394
1.0710843373493972
2.4891566265060234
3.2807228915662634
4.17590361445783
3.3072289156626518
2.1686746987951793
2.6301204819277118
2.14578313253012
2.313253012048193
2.234939759036145
1.892771084337351
2.6036144578313234
1.4614457831325325
1.7903614457831303
1.3927710843373475
1.8530120481927703
0.2409638554216862
1.7927710843373497
2.8024096385542165
2.210843373493976
0.48915662650602343
-0.5734939759036131
1.0855421686746993
1.3277108433734917
2.1807228915662655
3.1771084337349436
2.7433734939759056
3.6253012048192765
3.8987951807228924
3.4168674698795165
1.3445783132530131
-0.8012048192771104
-1.0710843373493972
-1.048192771084338
-0.4361445783132538
0.24457831325300816
0.6216867469879546
2.5024096385542194
4.085542168674699
3.35421686746988
2.1012048192771076
2.3506024096385545
1.7759036144578317
-0.7325301204819255
1.0746987951807228
1.4108433734939752
1.8506024096385545
2.6819277108433752
1.138554216867469
-0.9963855421686745
-1.1204819277108413
-0.10481927710843664
1.1831325301204814
1.3951807228915634
-1.5120481927710863
0.11445783132529996
1.9722891566265055
2.4807228915662662
0.9409638554216855
-2.4084337349397593
-0.3457831325301193
0.24578313253011785
2.3096385542168676
1.684337349397591
1.534939759036142
1.079518072289158
0.9373493975903635
1.7722891566265062
2.9156626506024104
5.089156626506021
4.701204819277105
3.703614457831325
3.846987951807229
4.408433734939759
5.077108433734939
3.881927710843371
3.3409638554216876
3.9144578313253007
2.3698795180722882
1.1566265060241
1.6783132530120461
1.6999999999999993
-0.07108433734939723
-1.5373493975903614
0.44216867469879517
1.2650602409638587
2.409638554216869
3.026506024096385
3.3674698795180724
4.61566265060241
4.328915662650601
4.991566265060239
4.399999999999999
3.2397590361445765
-1.3132530120481931
-1.4783132530120469
-1.9469879518072304
0.15542168674699042
1.6240963855421668
2.1638554216867476
-0.014457831325298542
-1.8012048192771068
-2.1746987951807206
-0.8373493975903621
0.37710843373494285
1.426506024096387
1.6132530120481938
0.9084337349397593
2.2530120481927725
2.7855421686746986
3.7710843373493965
4.174698795180724
4.243373493975902
4.02168674698795
3.7253012048192744
3.1156626506024097
3.7216867469879524
2.8831325301204807
2.7204819277108427
3.997590361445784
4.922891566265061
5.079518072289158
6.02048192771084
4.797590361445785
4.463855421686745
-0.11445783132529996
-2.3216867469879503
-1.6903614457831306
0.15421686746988073
1.9144578313253025
0.9843373493975882
-1.6795180722891576
-1.774698795180722
-1.0698795180722893
0.53132530120482
0.8060240963855403
1.571084337349399
1.4626506024096404
2.919277108433736
3.5012048192771097
4.1493975903614455
2.032530120481928
3.5349397590361438
3.3084337349397597
3.0831325301204817
2.8481927710843387
3.9409638554216855
4.237349397590362
4.622891566265059
4.909638554216867
4.79156626506024
2.7301204819277096
1.6987951807228914
0.7108433734939759
7.824096385542168
5.644578313253014
3.460240963855421
3.26024096385542
4.081927710843374
4.556626506024097
1.8963855421686748
1.267469879518071
2.283132530120481
2.344578313253013
3.631325301204818
4.651807228915663
5.13975903614458
5.434939759036144
5.346987951807229
5.086746987951807
4.863855421686747
3.8024096385542165
4.4626506024096395
5.242168674698794
5.655421686746989
3.9867469879518067
3.5915662650602416
3.36144578313253
2.514457831325301
0.07831325301204828
-1.5144578313253012
-1.5168674698795184
-1.0542168674698793
1.5
1.653012048192771
3.566265060240964
2.6807228915662655
3.1734939759036145
3.613253012048192
1.3746987951807235
-0.2590361445783129
-1.7000000000000002
-0.6759036144578308
-0.910843373493976
0.5048192771084334
2.546987951807229
1.4493975903614453
4.304819277108434
2.1554216867469873
5.312048192771085
2.154216867469879
6.14578313253012
2.5722891566265065
-0.772289156626506
-0.4855421686746988
-1.1289156626506025
-2.730120481927711
-2.1012048192771084
-0.7373493975903616
-3.410843373493976
-2.836144578313253
-0.6626506024096384
-2.23855421686747
0.2686746987951807
-0.09879518072289128
4.3265060240963855
0.07831325301204828
-2.0481927710843375
-1.042168674698795
-0.3481927710843373
0.8686746987951806
4.301204819277109
2.0626506024096383
