0.03614457831325302
-0.7373493975903613
-0.034939759036144435
2.7216867469879515
4.69156626506024
0.9999999999999999
-1.5987951807228917
-1.7240963855421687
-0.7385542168674698
1.7951807228915664
0.4771084337349396
0.43614457831325293
-0.35060240963855427
0.689156626506024
2.0903614457831323
2.2325301204819277
0.9831325301204819
3.6433734939759033
2.9168674698795183
2.8433734939759034
0.3650602409638555
-0.4265060240963856
0.04819277108433728
-0.3493975903614458
2.47710843373494
2.620481927710843
2.995180722891566
4.419277108433735
3.4457831325301207
3.4783132530120477
3.9
5.4795180722891565
5.210843373493976
7.039759036144577
5.407228915662651
4.678313253012048
1.1036144578313252
0.7746987951807229
0.9542168674698797
0.06987951807228932
3.6891566265060236
5.879518072289156
5.350602409638554
2.683132530120482
4.686746987951807
3.2337349397590365
3.18433734939759
5.257831325301205
5.457831325301204
4.587951807228917
3.381927710843374
2.656626506024097
3.195180722891566
4.46144578313253
7.210843373493977
5.903614457831324
4.039759036144578
0.7795180722891564
3.9240963855421693
1.5180722891566267
-0.13975903614457863
3.0686746987951814
1.693975903614458
0.2168674698795181
1.0385542168674702
2.459036144578313
1.863855421686746
0.1746987951807233
1.395180722891567
3.4457831325301207
4.202409638554216
5.806024096385543
2.765060240963856
0.5012048192771079
-0.007228915662649271
0.975903614457831
2.6301204819277118
3.716867469879519
2.5626506024096383
2.780722891566265
2.2843373493975907
-2.4951807228915674
-3.9373493975903617
-4.455421686746987
-5.310843373493976
-0.9060240963855417
3.0759036144578307
2.3915662650602414
1.0469879518072283
-4.37710843373494
-4.953012048192772
-3.992771084337349
-1.8614457831325293
-0.26506024096385694
1.2927710843373497
2.054216867469881
2.572289156626505
3.2132530120481935
3.6903614457831324
4.587951807228917
5.457831325301207
4.509638554216869
4.167469879518073
4.00120481927711
0.3096385542168676
0.8951807228915669
2.8855421686747
3.5674698795180717
3.8590361445783135
1.4361445783132538
-0.4722891566265073
0.8795180722891569
1.3879518072289159
2.525301204819277
3.36987951807229
3.6903614457831324
3.161445783132528
2.418072289156626
2.8096385542168676
1.3168674698795169
0.6590361445783142
3.065060240963856
3.66144578313253
3.304819277108434
3.272289156626506
2.403614457831324
2.378313253012047
3.209638554216868
3.803614457831328
3.40602409638554
-0.23614457831325275
1.3265060240963837
-1.0710843373493955
1.4060240963855435
0.8915662650602414
1.3698795180722882
1.3746987951807235
3.4457831325301207
2.184337349397591
3.781927710843373
4.17590361445783
4.16626506024096
3.971084337349396
2.7891566265060206
2.7807228915662634
1.975903614457831
1.7072289156626503
1.7686746987951807
-0.26987951807228683
0.14578313253011999
0.8132530120481931
2.434939759036144
3.892771084337351
1.903614457831324
-2.138554216867469
0.49036144578312957
1.492771084337349
-1.0469879518072283
-2.759036144578314
-3.107228915662649
-2.997590361445784
-2.8891566265060256
-1.3108433734939773
0.12650602409638623
0.5855421686746993
0.527710843373491
0.2807228915662634
-1.2228915662650586
-1.3566265060240958
-1.274698795180722
-0.20120481927710543
2.016867469879518
3.344578313253013
3.398795180722889
3.2289156626506
2.0518072289156635
1.2638554216867455
2.1445783132530103
3.521686746987953
4.002409638554219
3.685542168674697
2.654216867469877
2.301204819277107
0.05060240963855378
0.7759036144578317
2.0674698795180753
3.3746987951807235
0.510843373493973
0.3506024096385545
2.081927710843374
3.8385542168674682
1.5036144578313255
0.7795180722891608
0.19518072289156407
-0.21686746987951722
-0.6048192771084366
1.0879518072289152
1.1144578313253
-0.2277108433734938
1.780722891566267
3.3409638554216876
3.4915662650602393
4.35421686746988
3.14578313253012
-2.1903614457831324
-0.5156626506024082
1.2349397590361413
2.079518072289158
3.637349397590363
4.172289156626508
4.41566265060241
4.989156626506023
5.701204819277105
3.703614457831325
-1.9530120481927717
-2.191566265060242
-1.32289156626506
0.0819277108433738
2.540963855421687
4.314457831325303
5.169879518072289
5.356626506024099
5.078313253012045
5.100000000000001
2.3289156626506013
1.2626506024096393
3.0421686746987966
1.7650602409638587
-0.4903614457831331
0.7265060240963841
1.1674698795180731
3.2156626506024075
4.7289156626506035
5.491566265060239
2.3999999999999986
1.9397590361445793
1.8867469879518097
3.621686746987951
3.4530120481927717
1.3554216867469897
0.524096385542169
-1.236144578313251
-1.6144578313253
-0.9012048192771083
-1.3746987951807235
-0.43734939759035996
0.9771084337349407
2.226506024096384
2.2132530120481917
-0.39156626506023784
1.4530120481927717
1.8855421686747
2.7710843373493965
2.5746987951807228
3.243373493975902
4.721686746987949
5.1253012048192765
4.41566265060241
5.021686746987953
4.683132530120481
5.420481927710842
2.8975903614457827
2.222891566265062
2.3795180722891587
0.7204819277108392
1.7975903614457849
1.2638554216867455
-1.514457831325302
-2.1216867469879492
-4.89036144578313
-2.745783132530118
-0.7855421686746986
0.8843373493975903
1.120481927710843
-0.07469879518072275
1.030120481927712
-1.0686746987951814
-1.0939759036144583
-1.128915662650602
1.1626506024096397
0.019277108433735535
0.3012048192771086
1.3493975903614448
-1.0674698795180735
-1.8650602409638548
-3.0915662650602425
-3.3168674698795204
-2.5518072289156617
-1.959036144578313
-2.162650602409638
-1.3771084337349393
-1.1903614457831324
-0.508433734939759
0.4301204819277107
0.5987951807228917
1.410843373493977
1.9240963855421693
1.3445783132530131
2.2602409638554217
0.6602409638554203
0.48192771084337416
1.2566265060240962
0.8963855421686748
0.6674698795180714
2.0831325301204817
2.944578313253013
3.9313253012048186
4.251807228915663
4.63975903614458
3.734939759036143
1.646987951807228
2.386746987951806
2.7638554216867472
2.1024096385542155
1.5626506024096392
2.042168674698795
1.7554216867469883
1.9867469879518067
2.8915662650602423
3.661445783132529
2.314457831325302
1.178313253012048
0.2855421686746986
2.6831325301204814
0.4457831325301207
-1.7999999999999998
-2.346987951807229
-1.133734939759036
-1.8192771084337345
-2.426506024096385
-2.886746987951807
0.6746987951807233
2.040963855421687
0.5999999999999996
-0.07590361445783067
-1.910843373493976
-1.4951807228915661
-0.9530120481927709
-0.7506024096385544
-0.1951807228915663
0.4554216867469876
1.6120481927710846
2.0542168674698793
2.74578313253012
0.07228915662650648
2.027710843373494
-0.3855421686746987
-1.3289156626506027
0.36987951807228914
2.798795180722892
3.9626506024096386
4.389156626506024
4.363855421686747
4.837349397590362
5.361445783132531
5.46867469879518
6.401204819277108
6.026506024096385
3.1783132530120484
1.9518072289156625
-1.542168674698795
-2.048192771084337
-3.1313253012048197
-2.0987951807228917
-2.5373493975903614
