2.536144578313253
3.4626506024096386
5.065060240963856
5.121686746987952
5.591566265060241
3.6999999999999997
0.3012048192771085
-1.4240963855421689
-0.33855421686746984
-1.2048192771084336
-0.32289156626506044
-1.163855421686747
-1.5506024096385542
-0.5108433734939759
0.7903614457831325
0.7325301204819279
4.383132530120482
4.143373493975903
1.4168674698795183
2.743373493975904
1.9650602409638556
0.27349397590361435
0.14819277108433737
-1.649397590361446
0.17710843373493956
0.3204819277108433
-0.10481927710843397
3.719277108433735
1.1457831325301204
4.078313253012048
3.8000000000000003
6.079518072289156
8.610843373493976
5.139759036144579
4.30722891566265
2.278313253012048
1.403614457831325
4.474698795180723
1.5542168674698797
4.069879518072289
4.589156626506024
5.979518072289157
2.950602409638554
0.383132530120482
-1.0132530120481926
-1.466265060240964
-0.11566265060240966
3.057831325301205
2.4578313253012043
5.287951807228916
5.281927710843373
4.9566265060240955
6.7951807228915655
3.5614457831325295
2.910843373493976
3.3036144578313245
2.339759036144579
0.5795180722891562
-0.1759036144578312
0.718072289156626
-1.539759036144578
1.5686746987951814
0.9939759036144578
-0.6831325301204814
-1.66144578313253
-2.2409638554216866
-2.0361445783132535
-2.5253012048192764
-0.5048192771084334
-0.3542168674698791
-1.4975903614457842
-2.193975903614458
0.46506024096385623
2.3012048192771086
3.2927710843373497
2.7759036144578317
1.6301204819277118
0.6168674698795193
-0.5373493975903614
-0.8192771084337345
-1.01566265060241
0.3048192771084324
1.9626506024096386
2.944578313253013
2.889156626506024
4.093975903614458
3.0759036144578307
2.0915662650602407
0.4469879518072286
1.1228915662650607
-0.5530120481927714
-3.8927710843373493
-4.361445783132529
-2.4650602409638562
-1.507228915662651
-0.4457831325301189
1.4722891566265055
3.9132530120481928
2.090361445783131
-1.0120481927710827
0.05783132530120483
1.209638554216868
2.667469879518073
3.9012048192771083
5.409638554216867
5.895180722891567
1.8855421686747
1.1674698795180714
1.459036144578313
0.4361445783132538
-0.07228915662650692
0.07951807228915797
-0.11204819277108413
-1.1746987951807224
0.16987951807229074
0.8903614457831335
1.961445783132529
2.6180722891566255
3.0096385542168687
3.016867469879518
2.259036144578314
2.1650602409638537
2.261445783132528
1.2048192771084345
-0.12771084337349237
-0.9963855421686745
0.7783132530120476
1.0096385542168687
2.403614457831326
3.806024096385542
4.863855421686745
4.426506024096385
4.228915662650605
4.806024096385542
5.891566265060241
5.869879518072288
6.8746987951807235
6.64578313253012
6.2843373493975925
7.081927710843374
7.87590361445783
7.16626506024096
6.071084337349397
4.789156626506021
2.580722891566264
3.0759036144578324
6.1072289156626525
4.368674698795182
-1.969879518072288
-0.6542168674698772
1.6132530120481903
3.3349397590361427
4.892771084337351
3.0036144578313255
4.4614457831325325
4.79036144578313
4.3927710843373475
2.9530120481927717
1.840963855421684
2.2927710843373497
4.002409638554216
4.710843373493976
6.089156626506025
7.226506024096384
6.085542168674699
6.527710843373491
7.6807228915662655
8.177108433734944
8.143373493975904
8.025301204819275
6.898795180722892
6.4168674698795165
2.544578313253016
2.398795180722889
1.7289156626506
1.451807228915662
4.163855421686748
5.044578313253009
2.6216867469879546
2.8024096385542165
3.5855421686746993
2.35421686746988
5.101204819277108
6.750602409638553
6.275903614457832
4.967469879518074
5.274698795180722
4.010843373493973
4.3506024096385545
4.3819277108433745
5.138554216867469
5.0036144578313255
3.579518072289158
5.095180722891566
6.183132530120481
7.495180722891565
6.887951807228916
6.414457831325301
6.672289156626505
6.880722891566265
7.540963855421687
8.191566265060239
8.05421686746988
5.745783132530118
5.9096385542168655
7.984337349397592
4.934939759036144
3.179518072289156
2.9373493975903635
0.8722891566265076
1.5156626506024118
3.6891566265060227
5.101204819277108
4.203614457831325
5.2469879518072275
6.508433734939761
7.377108433734939
5.381927710843371
2.3409638554216876
2.314457831325303
4.169879518072289
4.456626506024097
3.7783132530120476
2.6999999999999993
1.128915662650602
1.7626506024096393
1.5421686746987966
2.565060240963856
1.3096385542168676
-0.5734939759036131
-1.1325301204819276
1.0156626506024082
2.628915662650602
2.5915662650602407
2.8999999999999986
3.2397590361445765
3.9867469879518076
2.9216867469879517
3.253012048192769
2.6554216867469904
3.124096385542167
2.763855421686749
2.3855421686747
2.198795180722893
1.725301204819278
1.3626506024096408
1.7771084337349414
2.926506024096387
3.9132530120481945
2.8084337349397615
2.4530120481927717
0.9855421686746979
1.1710843373493987
1.9746987951807249
1.9433734939759049
2.421686746987948
3.4253012048192737
4.015662650602408
4.821686746987954
0.4831325301204821
0.02048192771084345
1.1975903614457835
-0.07710843373493859
-0.920481927710842
-1.1795180722891594
-1.2024096385542151
-2.5361445783132535
-1.014457831325302
-1.1216867469879492
0.30963855421687114
-1.1457831325301182
-1.2855421686746986
-1.6156626506024114
-0.8795180722891569
1.425301204819279
1.7301204819277114
2.4313253012048186
2.4060240963855417
2.571084337349399
3.362650602409639
2.2192771084337366
2.701204819277109
1.8493975903614448
1.3325301204819269
2.734939759036143
2.8084337349397597
2.3831325301204807
3.548192771084338
4.540963855421687
4.437349397590362
4.72289156626506
4.709638554216868
4.991566265060239
4.5301204819277086
5.798795180722893
5.510843373493975
5.524096385542167
5.844578313253013
6.160240963855422
5.36024096385542
4.6819277108433734
4.356626506024096
4.396385542168675
4.767469879518071
3.983132530120482
3.344578313253013
3.9313253012048186
3.651807228915663
2.73975903614458
0.03493975903614377
0.046987951807228256
2.686746987951807
3.4638554216867465
3.902409638554216
3.162650602409639
1.6421686746987945
2.7554216867469883
1.7867469879518074
0.4915662650602419
2.5614457831325295
2.314457831325302
5.078313253012048
3.185542168674699
0.9831325301204821
0.34578313253012105
2.8
1.5530120481927714
1.766265060240964
1.280722891566266
0.9734939759036152
0.41325301204819276
0.8746987951807235
0.5409638554216869
-0.2999999999999998
-0.7759036144578308
0.689156626506024
2.304819277108434
3.7469879518072293
3.749397590361446
-0.0951807228915662
-1.3445783132530122
-0.1879518072289157
0.054216867469879304
-0.7542168674698795
1.5722891566265065
-1.172289156626506
-1.1855421686746987
-0.9289156626506025
-2.0301204819277108
0.29879518072289146
1.3626506024096383
1.489156626506024
1.463855421686747
2.137349397590362
2.8614457831325306
2.9686746987951804
4.501204819277108
5.626506024096386
6.378313253012049
6.851807228915662
6.1578313253012045
5.851807228915662
6.16867469879518
6.701204819277108
5.2626506024096384
