6.5361445783132535
7.162650602409638
7.565060240963855
6.621686746987952
7.391566265060241
5.8999999999999995
6.201204819277108
6.075903614457832
6.7614457831325305
6.7951807228915655
2.67710843373494
1.936144578313253
2.7493975903614456
2.789156626506024
4.290361445783132
3.132530120481928
1.683132530120482
1.0433734939759036
1.016867469879518
0.24337349397590358
1.6650602409638553
0.5734939759036144
0.6481927710843374
3.6506024096385543
3.3771084337349393
2.0204819277108435
0.895180722891566
-0.48072289156626513
-0.054216867469879526
0.27831325301204823
0.3999999999999999
4.179518072289157
5.3108433734939755
4.939759036144578
8.507228915662651
2.8783132530120485
1.8036144578313253
-1.225301204819277
-2.6457831325301204
-2.4301204819277107
-2.810843373493976
-2.620481927710843
1.1506024096385543
2.183132530120482
1.4867469879518072
2.9337349397590358
3.68433734939759
3.9578313253012043
5.157831325301205
6.087951807228917
4.081927710843374
4.756626506024096
5.7951807228915655
5.86144578313253
5.910843373493976
6.0036144578313255
0.5397590361445781
-0.8204819277108433
-0.475903614457831
-0.8819277108433736
1.160240963855422
2.5686746987951814
2.7939759036144585
2.516867469879518
3.53855421686747
3.0590361445783127
3.1638554216867467
5.674698795180724
4.795180722891566
6.945783132530121
4.502409638554217
3.606024096385542
4.365060240963856
3.1012048192771076
0.3927710843373511
-0.12409638554216862
0.9301204819277107
2.0168674698795197
2.2626506024096393
3.1807228915662655
4.58433734939759
4.304819277108432
4.162650602409638
5.144578313253014
1.2891566265060241
1.5939759036144583
0.27590361445782996
1.6915662650602403
3.1469879518072297
0.9228915662650596
1.9469879518072286
1.6072289156626507
1.038554216867471
-1.265060240963857
-2.807228915662651
-2.14578313253012
-2.327710843373495
0.41325301204819276
1.090361445783131
1.4879518072289173
3.1578313253012062
1.709638554216868
-1.1325301204819276
1.3012048192771086
0.009638554216868656
1.2951807228915655
1.685542168674699
2.6674698795180714
3.5590361445783127
-0.3638554216867469
-0.07228915662650692
0.8795180722891569
2.4879518072289155
2.225301204819278
0.6698795180722907
0.29036144578313383
1.2614457831325296
2.6180722891566255
3.1096385542168665
3.216867469879517
1.2590361445783138
1.2650602409638552
1.66144578313253
3.304819277108434
4.272289156626506
5.403614457831324
3.878313253012047
2.709638554216868
1.9036144578313259
-1.5939759036144583
-1.4361445783132538
-2.273493975903616
-2.2710843373493965
-1.8939759036144572
-0.70843373493976
-1.2301204819277096
-2.225301204819278
-1.2542168674698804
-2.315662650602409
-2.218072289156627
0.7759036144578317
2.566265060240962
3.671084337349395
1.6891566265060227
0.2807228915662634
2.375903614457833
2.407228915662653
2.0686746987951814
2.730120481927713
2.4457831325301207
1.7132530120481917
2.434939759036144
2.2927710843373497
1.3036144578313227
0.16144578313253177
-0.30963855421687114
0.8927710843373475
0.5530120481927732
0.9409638554216855
1.7927710843373497
2.4024096385542144
2.5108433734939766
2.089156626506025
0.026506024096384806
-0.014457831325298542
1.027710843373491
1.6807228915662655
2.877108433734943
3.343373493975907
3.525301204819275
3.8987951807228924
4.216867469879517
5.144578313253014
5.7987951807228875
6.528915662650601
6.151807228915661
6.863855421686747
6.14457831325301
3.321686746987954
2.5024096385542194
-1.7144578313253014
-0.14578313253011999
2.0012048192771097
1.250602409638553
-0.42409638554216755
-0.43253012048192474
-0.8253012048192794
1.010843373493973
2.150602409638555
4.081927710843374
6.238554216867467
6.803614457831323
1.97951807228916
0.6951807228915641
0.9831325301204821
2.8951807228915634
3.7879518072289144
4.714457831325301
5.072289156626507
3.380722891566265
3.3409638554216876
-0.9084337349397593
-0.3457831325301193
0.14578313253011999
-1.0903614457831345
-0.6156626506024097
-0.2650602409638587
-2.0204819277108435
-1.2626506024096358
0.6722891566265083
0.9156626506024104
1.6891566265060227
0.5012048192771061
0.8036144578313262
0.7469879518072275
-2.691566265060242
-1.5228915662650593
-0.9180722891566262
-1.6590361445783124
-1.3855421686746965
-0.23012048192770962
0.8566265060240994
2.478313253012047
3.5
4.7289156626506035
4.6626506024096415
4.542168674698797
4.065060240963856
2.409638554216869
4.8265060240963855
6.167469879518073
7.315662650602409
7.828915662650601
8.59156626506024
9.2
9.639759036144579
7.986746987951808
3.7216867469879524
0.5530120481927696
-2.244578313253008
-1.7759036144578317
-1.236144578313251
-0.31445783132529925
1.1987951807228932
1.8253012048192794
2.8626506024096408
3.877108433734943
2.3265060240963855
1.2132530120481917
2.5084337349397607
3.0530120481927696
3.685542168674697
4.571084337349397
4.574698795180723
4.543373493975903
1.8216867469879503
2.325301204819276
2.0156626506024082
2.2216867469879524
2.8831325301204807
2.2204819277108427
3.1975903614457835
2.222891566265062
1.3795180722891587
0.7204819277108392
-0.4024096385542144
-0.23614457831325453
-0.014457831325302095
1.1783132530120497
3.0096385542168704
3.6542168674698807
3.6144578313253017
4.38433734939759
4.220481927710841
4.025301204819277
4.430120481927711
4.131325301204818
4.606024096385541
4.471084337349398
4.362650602409639
5.119277108433735
5.901204819277108
5.749397590361443
5.4325301204819265
5.034939759036144
5.708433734939758
6.083132530120482
4.848192771084339
1.7409638554216862
-0.1626506024096379
-0.27710843373493965
-0.1903614457831324
3.3915662650602414
3.2301204819277096
3.298795180722893
3.5108433734939766
2.4240963855421693
2.144578313253014
3.160240963855422
4.16024096385542
2.581927710843374
3.056626506024097
3.896385542168675
3.767469879518071
0.5831325301204817
1.8445783132530131
1.2313253012048193
-0.8481927710843369
0.8397590361445797
0.23493975903614306
1.5469879518072283
-0.21325301204819347
-0.3361445783132533
0.0024096385542158316
-1.0373493975903614
-1.1578313253012054
-0.24457831325301171
2.5867469879518064
5.291566265060241
2.2614457831325305
3.2144578313253023
2.878313253012049
1.5855421686746984
1.8831325301204815
3.7457831325301205
2.3
1.0530120481927714
1.766265060240964
2.8807228915662657
0.07349397590361484
-0.9867469879518072
0.37469879518072347
0.6409638554216874
-0.2999999999999998
0.12409638554216906
3.189156626506024
0.604819277108434
-2.853012048192771
-1.7506024096385544
-2.1951807228915663
-2.144578313253012
-0.7879518072289158
-0.4457831325301207
1.24578313253012
1.8722891566265063
1.527710843373494
4.014457831325302
4.071084337349397
3.469879518072289
0.39879518072289155
-0.6373493975903615
-0.3108433734939757
1.1638554216867472
1.8373493975903616
1.3614457831325302
6.668674698795181
7.101204819277108
6.3265060240963855
5.878313253012049
5.951807228915662
5.8578313253012055
6.151807228915663
6.46867469879518
5.401204819277108
6.2626506024096384
