-2.2638554216867472
0.4626506024096386
0.2650602409638554
-1.2783132530120482
-2.9084337349397593
0.4
-1.5987951807228917
0.9759036144578314
1.76144578313253
-0.7048192771084337
-2.02289156626506
-1.563855421686747
1.3493975903614457
0.9891566265060241
-0.5096385542168675
-2.8674698795180724
-6.116867469879518
-5.356626506024097
-3.9831325301204816
-2.256626506024096
0.5650602409638554
3.8734939759036147
5.548192771084338
2.3506024096385545
1.7771084337349397
2.120481927710843
0.19518072289156607
-0.38072289156626526
1.5457831325301203
1.9783132530120484
4.199999999999999
4.879518072289157
4.3108433734939755
3.3397590361445784
1.3072289156626504
-0.1216867469879519
-1.7963855421686747
-0.8253012048192769
0.05421686746987975
-2.630120481927711
-1.310843373493976
-3.4204819277108434
0.050602409638554224
2.883132530120482
2.5867469879518077
3.0337349397590363
1.98433734939759
0.5578313253012048
0.8578313253012047
0.7879518072289158
2.181927710843374
2.656626506024097
2.595180722891566
3.46144578313253
3.3108433734939764
2.5036144578313246
2.339759036144579
2.1795180722891567
0.6240963855421686
1.6180722891566264
4.560240963855422
3.8686746987951803
2.4939759036144578
1.1168674698795185
0.7385542168674695
0.35903614457831345
0.26385542168674636
-0.7253012048192762
0.3951807228915669
2.1457831325301218
2.0024096385542167
0.7060240963855424
-0.13493975903614341
-0.6987951807228914
0.09277108433735037
0.975903614457831
0.830120481927711
0.5168674698795197
-0.7373493975903607
-0.9192771084337341
-1.51566265060241
-0.9951807228915674
0.362650602409639
0.8445783132530131
0.08915662650602307
1.0939759036144583
0.07590361445783067
0.5915662650602407
1.4469879518072286
1.4228915662650596
3.9469879518072286
2.2072289156626503
-0.46144578313252893
1.3349397590361445
1.6927710843373482
1.4542168674698797
-1.4277108433734949
-2.4867469879518076
-3.1096385542168683
-0.8120481927710834
0.15783132530120625
0.709638554216868
0.06746987951807171
1.5012048192771097
2.209638554216868
2.895180722891567
3.3855421686747
4.767469879518073
4.759036144578314
4.2361445783132545
2.8277108433734917
2.379518072289157
3.587951807228915
2.1253012048192783
2.6698795180722907
3.8903614457831317
3.2614457831325296
2.518072289156626
0.6096385542168665
0.9168674698795165
0.059036144578312744
-0.9349397590361459
-2.9385542168674714
-2.195180722891566
-0.6277108433734924
-0.09638554216867412
-1.1216867469879528
-1.3903614457831335
-2.2963855421686734
-1.4939759036144586
-1.0361445783132535
1.2265060240963823
3.4289156626506045
3.6060240963855428
4.191566265060242
4.369879518072288
0.774698795180722
0.2457831325301214
1.8843373493975903
2.3819277108433745
2.5759036144578324
2.4662650602409606
2.2710843373493965
0.889156626506022
0.4807228915662627
-0.42409638554216755
1.3072289156626518
2.368674698795182
2.830120481927711
3.2457831325301214
1.8132530120481931
0.9349397590361441
0.29277108433734966
-0.3963855421686766
-1.7385542168674704
-0.8096385542168711
0.7927710843373497
0.25301204819277245
-1.8590361445783152
-0.9072289156626496
0.20240963855421512
-0.08915662650602485
1.1891566265060227
1.8265060240963855
1.5855421686746993
-1.972289156626509
-4.619277108433735
-4.322891566265058
-2.9566265060240937
-3.474698795180725
-0.30120481927710685
0.11686746987951935
1.544578313253016
1.7987951807228875
2.3289156626506013
2.5518072289156635
1.9638554216867448
-1.2554216867469918
-1.1783132530120461
-1.597590361445782
-3.7144578313253014
-3.545783132530122
-3.3987951807228924
-2.449397590361446
-1.7240963855421683
-0.33253012048192687
-0.8253012048192794
-1.5891566265060248
-4.749397590361447
-3.418072289156626
-3.4614457831325325
-0.2963855421686752
0.3795180722891587
0.19518072289156407
-1.3168674698795186
-0.6048192771084366
1.0879518072289152
2.1144578313253
1.7722891566265062
0.18072289156626553
1.040963855421687
-1.20843373493976
-0.9457831325301207
-1.6542168674698807
-2.0903614457831345
-2.315662650602409
-2.465060240963858
-2.820481927710844
-0.5626506024096365
0.07228915662650692
1.1156626506024097
1.9891566265060234
1.9012048192771083
2.403614457831324
2.646987951807226
1.5084337349397607
1.0771084337349386
0.38192771084337096
-1.2590361445783103
-0.6855421686746972
1.4698795180722897
3.1566265060241
2.5783132530120447
0.9000000000000021
-0.7710843373493965
2.06265060240964
2.442168674698795
2.465060240963858
3.1096385542168683
5.126506024096386
5.267469879518071
5.815662650602409
5.7289156626506035
3.0915662650602407
1.3000000000000007
2.1397590361445786
1.3867469879518097
1.8216867469879539
1.3530120481927703
-0.1445783132530103
0.7240963855421683
3.263855421686749
3.9855421686747015
2.198795180722893
2.225301204819278
1.7626506024096393
0.67710843373494
0.42650602409638694
2.0132530120481924
3.20843373493976
3.653012048192771
4.085542168674699
2.9710843373493994
4.274698795180722
4.943373493975905
6.121686746987951
6.1253012048192765
6.515662650602408
5.621686746987955
4.983132530120482
2.920481927710842
3.1975903614457835
2.522891566265063
1.47951807228916
1.3204819277108406
1.9975903614457842
3.2638554216867455
1.0855421686746993
-0.5216867469879496
-4.49036144578313
-3.445783132530119
-2.5855421686746975
-1.5156626506024118
0.3204819277108424
1.025301204819277
1.2301204819277114
0.8313253012048207
1.9060240963855417
1.2710843373493983
1.862650602409639
1.919277108433736
3.0012048192771097
1.2493975903614434
1.6325301204819276
1.6349397590361452
-1.0915662650602425
-3.5168674698795197
-3.3518072289156624
-2.0590361445783145
-1.9626506024096386
-0.5771084337349404
1.6096385542168665
2.6915662650602403
3.3301204819277093
3.6987951807228914
3.8108433734939755
0.22409638554216826
-0.7554216867469865
1.160240963855422
0.06024096385542066
1.4819277108433742
1.4566265060240973
-0.4036144578313259
0.16746987951807135
1.283132530120481
0.4445783132530128
0.33132530120481896
-0.9481927710843365
-0.8602409638554196
-3.4650602409638562
-5.553012048192771
-2.0132530120481933
-3.3361445783132533
-4.497590361445784
-4.737349397590361
-3.0578313253012057
-3.0445783132530115
-1.113253012048193
-3.1084337349397586
-4.43855421686747
-4.0855421686746975
-2.8216867469879516
-1.5144578313253012
-1.1168674698795185
1.0457831325301212
1.0
-0.24698795180722843
-1.8337349397590357
0.9807228915662654
-0.6265060240963853
-2.886746987951807
-1.7253012048192766
0.5409638554216869
0.0
0.42409638554216933
-0.910843373493976
0.4048192771084338
2.846987951807229
2.549397590361446
3.1048192771084335
5.7554216867469865
4.612048192771084
3.654216867469879
4.445783132530121
4.072289156626507
2.2277108433734942
2.214457831325301
0.2710843373493974
1.8698795180722891
4.498795180722891
2.162650602409638
3.1891566265060236
3.063855421686747
4.337349397590362
2.4614457831325303
3.768674698795181
4.601204819277109
5.126506024096386
2.6783132530120484
-0.44819277108433764
1.0578313253012048
0.9518072289156625
1.3686746987951806
0.4012048192771085
2.4626506024096386
