-0.6638554216867469
0.36265060240963853
1.1650602409638553
1.8216867469879516
1.9915662650602408
-2.1
-1.3987951807228916
-0.4240963855421687
1.4614457831325303
2.095180722891566
2.17710843373494
3.036144578313253
2.549397590361446
3.4891566265060243
2.790361445783132
2.532530120481928
0.6831325301204818
0.7433734939759036
0.9168674698795182
0.8433734939759034
1.1650602409638553
1.3734939759036144
1.3481927710843373
2.750602409638554
1.9771084337349398
2.620481927710843
1.895180722891566
3.719277108433735
6.04578313253012
4.378313253012048
4.5
1.6795180722891567
2.3108433734939755
3.639759036144578
3.6072289156626502
2.478313253012048
1.8036144578313253
-1.225301204819277
0.45421686746987966
0.6698795180722894
-1.610843373493976
-0.9204819277108434
-1.0493975903614456
-1.716867469879518
-2.113253012048193
-1.3662650602409638
-0.8156626506024098
-1.4421686746987954
-1.5421686746987953
-3.812048192771084
-3.5180722891566263
-3.3433734939759034
-2.904819277108434
-2.1385542168674703
-1.8891566265060238
-1.596385542168675
-0.5602409638554215
-0.5204819277108435
-0.07590361445783067
0.01807228915662673
0.06024096385542155
-1.2313253012048193
-3.0060240963855422
-3.283132530120482
-3.36144578313253
-1.6409638554216865
-1.0361445783132535
-0.22530120481927618
-1.104819277108433
-2.2542168674698786
-0.39759036144578364
-2.693975903614458
-0.3349397590361436
-3.498795180722892
-3.0072289156626493
-2.4240963855421684
-2.169879518072289
0.216867469879519
0.7626506024096393
-0.7192771084337339
-2.01566265060241
-3.9951807228915674
-2.9373493975903617
-1.355421686746987
-4.010843373493977
-1.1060240963855428
-2.024096385542169
-1.6084337349397586
-1.8530120481927712
-1.17710843373494
-0.3530120481927721
-1.992771084337349
-0.7614457831325296
0.9349397590361441
1.2927710843373497
2.35421686746988
2.172289156626505
2.813253012048193
0.8903614457831317
3.087951807228917
2.257831325301206
3.209638554216868
3.167469879518073
1.9012048192771083
2.9096385542168672
2.895180722891567
1.3855421686747
1.5674698795180717
1.459036144578313
1.4361445783132538
2.5277108433734927
2.1795180722891576
2.887951807228916
2.6253012048192783
2.4698795180722897
-1.1096385542168665
-0.6385542168674707
0.018072289156625843
0.20963855421686795
-0.6831325301204831
0.15903614457831416
0.9650602409638545
1.9614457831325307
3.304819277108434
1.3722891566265076
1.0036144578313255
0.8783132530120472
0.5096385542168669
-2.2963855421686734
-2.393975903614459
-0.33614457831325417
0.9265060240963852
1.7289156626506053
1.1060240963855428
1.29156626506024
0.669879518072289
-1.225301204819278
-0.9542168674698797
-0.31566265060240895
0.7819277108433731
0.17590361445783032
-0.6337349397590373
-1.9289156626506045
-1.9108433734939787
-1.1192771084337352
-0.524096385542169
1.007228915662651
2.5686746987951814
1.7301204819277132
1.8457831325301228
2.1132530120481903
1.4349397590361441
1.2927710843373497
1.5036144578313255
1.0614457831325304
1.8903614457831317
-1.1072289156626525
-1.9469879518072268
-1.2590361445783138
-2.507228915662651
-1.0975903614457856
-2.289156626506024
-0.610843373493978
1.226506024096384
1.8855421686747
0.7277108433734938
-1.1192771084337352
-2.922891566265058
-3.9566265060240937
-2.674698795180724
-2.4012048192771083
-1.7831325301204828
-1.5554216867469854
-1.6012048192771111
-1.1710843373493987
-2.148192771084336
-1.9361445783132538
-0.9554216867469911
-1.3783132530120454
-1.1975903614457835
-0.4144578313253007
0.7542168674698786
1.3012048192771068
0.25060240963855307
-1.4240963855421676
-1.132530120481924
-0.8253012048192794
0.41084337349397515
0.6506024096385552
-2.1180722891566255
-1.1614457831325318
-0.4963855421686745
-2.1204819277108413
-2.7048192771084345
-1.3168674698795186
-0.5048192771084352
-0.41204819277108484
-0.08554216867469933
0.1722891566265048
-0.21927710843373305
-1.2590361445783138
-1.70843373493976
-3.3457831325301193
-2.254216867469882
-1.6903614457831324
-1.1156626506024097
-0.3650602409638566
0.27951807228915726
-1.162650602409638
-1.7277108433734938
-1.3843373493975903
-1.4108433734939787
-1.9987951807228939
-1.6963855421686738
-0.9530120481927717
-0.9915662650602393
-2.4228915662650614
-2.718072289156627
-2.059036144578311
-1.1855421686746972
-1.330120481927711
-0.5433734939759027
-0.12168674698795456
1.6999999999999993
2.7289156626506035
3.56265060240964
3.0421686746987966
2.8650602409638566
1.3096385542168676
1.0265060240963848
0.9674698795180738
1.7156626506024075
3.128915662650602
3.9915662650602393
5.100000000000001
6.539759036144577
5.786746987951808
5.121686746987951
4.753012048192769
3.8554216867469897
4.624096385542167
3.6638554216867476
4.9855421686747015
5.198795180722893
5.525301204819279
-0.03734939759036138
-0.9228915662650579
-0.07349397590361306
1.1132530120481938
1.8084337349397615
0.5530120481927696
-1.014457831325302
0.07108433734939723
-0.6253012048192765
-0.056626506024095136
-1.4783132530120504
-0.7746987951807256
1.0156626506024082
1.9216867469879553
1.6831325301204814
1.5204819277108435
0.9975903614457842
-0.8771084337349357
-1.02048192771084
-0.8795180722891587
0.5975903614457856
1.0638554216867462
-0.4144578313253007
-2.6216867469879492
-0.8903614457831299
-2.5457831325301186
-1.7855421686746986
-2.8156626506024107
-2.1795180722891576
-0.9746987951807231
-1.5698795180722893
-2.96867469879518
-2.893975903614459
-1.8289156626506013
-1.3373493975903603
-0.48072289156626447
-0.6987951807228914
-2.0506024096385556
-2.3674698795180724
-1.4650602409638562
-0.1915662650602421
-0.5168674698795197
-0.951807228915662
0.6409638554216865
0.637349397590361
0.22289156626506035
2.3096385542168676
0.19156626506024033
-2.0698795180722893
-0.6012048192771076
-0.1891566265060245
-0.7759036144578317
0.7445783132530135
-0.039759036144578985
-0.539759036144579
-1.3180722891566266
-1.0433734939759027
-0.9036144578313259
-0.6325301204819294
-2.3168674698795186
-1.2554216867469865
0.031325301204818246
-1.1481927710843376
-2.46024096385542
-2.565060240963856
-0.8530120481927712
0.4867469879518058
0.8638554216867469
-1.6975903614457835
-3.0373493975903614
-4.757831325301206
-6.244578313253012
-4.2132530120481935
-3.7084337349397583
-4.23855421686747
-3.485542168674698
-3.021686746987952
-2.2144578313253014
-0.31686746987951864
3.145783132530121
-1.2000000000000002
-0.9469879518072286
0.46626506024096415
0.8807228915662657
3.073493975903615
2.2132530120481926
-1.1253012048192765
-2.359036144578313
-1.1
-1.9759036144578308
-3.0108433734939757
-2.395180722891566
-1.653012048192771
-1.2506024096385544
-1.0951807228915662
-0.044578313253012425
0.6120481927710846
-1.3457831325301208
-3.0542168674698797
-2.6277108433734937
0.22771084337349423
-0.08554216867469888
-1.2289156626506026
-1.1301204819277109
-1.3012048192771084
-0.4373493975903615
2.1891566265060236
3.363855421686747
4.2373493975903616
1.26144578313253
-1.3313253012048192
-3.1987951807228914
-2.373493975903614
-2.3216867469879516
-2.7481927710843377
-3.1421686746987953
-3.3481927710843373
-2.9313253012048195
-3.7987951807228915
-2.337349397590361
