-1.563855421686747
-0.7373493975903613
-1.7349397590361444
-3.5783132530120483
-3.6084337349397595
-2.8
-2.0987951807228917
-1.5240963855421688
-0.8385542168674698
0.49518072289156634
1.0771084337349397
2.036144578313253
2.7493975903614456
0.5891566265060242
-3.2096385542168675
-2.467469879518072
-2.816867469879518
-1.7566265060240964
0.41686746987951817
-0.3566265060240965
-3.934939759036145
-3.3265060240963855
-2.7518072289156628
-0.3493975903614458
-2.9228915662650605
-3.379518072289157
-1.2048192771084338
-4.580722891566265
-4.85421686746988
-3.621686746987952
-1.9
-4.0204819277108435
-2.8891566265060242
-1.1602409638554216
-0.4927710843373494
0.5783132530120483
1.8036144578313253
3.2746987951807234
2.1542168674698794
1.0698795180722893
1.2891566265060241
-1.0204819277108432
2.250602409638554
1.1831325301204818
-1.5132530120481926
0.6337349397590359
1.2843373493975898
2.4578313253012043
3.257831325301205
3.8879518072289163
2.381927710843374
1.7566265060240966
-1.104819277108434
-1.83855421686747
-0.18915662650602405
0.2036144578313248
-0.6602409638554216
0.8795180722891569
1.8240963855421688
1.3180722891566266
1.160240963855422
0.16867469879518104
0.49397590361445776
-0.4831325301204821
0.03855421686747018
0.6590361445783133
3.063855421686747
3.0746987951807228
2.1951807228915667
1.345783132530121
0.9024096385542162
0.5060240963855422
0.5650602409638568
0.0012048192771079158
-0.80722891566265
-0.22409638554216826
-1.4698795180722888
-2.6831325301204805
-1.4373493975903608
-0.6192771084337343
0.7843373493975907
2.404819277108432
2.662650602409638
3.844578313253013
2.4891566265060234
1.3939759036144572
-0.024096385542168974
0.29156626506024175
1.5469879518072283
1.7228915662650603
1.646987951807228
2.3072289156626518
3.9385542168674714
3.234939759036143
1.5927710843373486
1.1542168674698807
1.9722891566265055
2.113253012048194
1.8903614457831317
1.2879518072289162
0.5578313253012048
-0.590361445783131
0.46746987951807206
1.701204819277109
1.8096385542168676
2.895180722891567
4.185542168674699
4.56746987951807
4.5590361445783145
1.3361445783132542
-0.272289156626508
0.07951807228915797
0.9879518072289155
1.225301204819278
0.6698795180722907
-0.3096385542168676
-0.8385542168674718
-0.0819277108433738
-1.1903614457831324
-2.0831325301204835
0.8590361445783135
2.4650602409638545
2.3614457831325293
2.304819277108434
1.4722891566265073
0.7036144578313248
0.17831325301204792
1.4096385542168672
2.2036144578313266
1.306024096385542
1.1638554216867458
0.526506024096383
0.6289156626506038
-1.2939759036144558
-1.20843373493976
-2.330120481927711
-2.3253012048192776
-2.4542168674698797
-0.815662650602409
-0.5180722891566258
-1.2240963855421683
-0.033734939759039406
0.07108433734939723
-0.7108433734939794
-0.2192771084337366
-1.024096385542169
-0.09277108433734682
0.46867469879518
1.6301204819277118
-0.85421686746988
-0.4867469879518076
-0.3650602409638566
-0.8072289156626482
-0.0963855421686759
-0.7385542168674704
0.19036144578312886
1.0927710843373468
2.9530120481927717
3.740963855421686
2.892771084337351
1.9024096385542144
0.7108433734939759
-0.8108433734939773
-3.773493975903614
-2.214457831325298
-3.9722891566265073
-3.2192771084337366
-1.6228915662650572
-0.4566265060240937
-0.5746987951807228
-1.6012048192771076
-3.283132530120483
-4.355421686746986
-5.201204819277111
-3.871084337349398
-3.4481927710843365
-4.036144578313255
-2.3554216867469897
0.021686746987953143
1.3024096385542165
2.485542168674698
3.35421686746988
3.1012048192771076
3.3506024096385545
2.375903614457833
2.967469879518074
-0.3253012048192794
-3.8891566265060256
-4.249397590361447
-1.6180722891566255
-0.2614457831325332
1.3036144578313227
-0.12048192771084132
-0.004819277108435216
-0.7168674698795172
-1.6048192771084366
-1.2120481927710856
-0.6855421686747007
-0.4277108433734931
-0.31927710843373447
-1.0590361445783145
-2.20843373493976
-2.14578313253012
-1.4542168674698814
-0.3903614457831317
0.684337349397591
1.8349397590361427
2.079518072289158
1.837349397590362
1.572289156626507
0.41566265060241037
0.389156626506022
1.3012048192771068
-0.19638554216867377
0.6469879518072261
2.0084337349397607
3.4771084337349407
3.6819277108433717
3.1409638554216883
3.014457831325302
1.8698795180722882
2.5566265060240987
1.7783132530120476
2.400000000000002
3.0289156626506006
1.2626506024096393
0.3421686746987973
-1.1349397590361434
0.6096385542168683
1.426506024096387
-0.6325301204819276
-1.5843373493975896
-2.1710843373493987
-4.108433734939759
-3.8000000000000007
-2.2602409638554235
-2.1132530120481903
-2.378313253012049
-3.346987951807229
-1.7445783132530082
-1.0759036144578324
-0.8361445783132524
-0.4144578313253007
-1.0012048192771061
-0.5746987951807228
-2.5373493975903614
-1.5228915662650593
0.2265060240963841
1.8132530120481931
0.8084337349397615
1.4530120481927717
0.7855421686746986
-1.0289156626506006
-1.3253012048192758
-0.9566265060240973
0.22168674698794888
1.0253012048192751
1.1156626506024097
1.4216867469879553
1.7831325301204792
2.2204819277108427
1.7975903614457813
2.222891566265062
2.079518072289158
-0.6795180722891594
-0.6024096385542173
-0.03614457831325524
1.3855421686747
2.578313253012052
2.5096385542168704
2.35421686746988
2.814457831325301
2.6843373493975875
3.120481927710843
3.425301204819279
3.4301204819277107
1.53132530120482
0.20602409638554064
0.8710843373493979
0.1626506024096397
-1.1807228915662655
-0.4987951807228903
-1.7506024096385566
-1.967469879518072
-1.9650602409638562
-0.7915662650602417
-0.3168674698795204
-0.45180722891566205
-0.5590361445783145
-0.1626506024096379
-1.17710843373494
-0.4903614457831331
-0.008433734939758963
1.0301204819277103
0.2987951807228928
-0.48915662650602343
-0.5759036144578307
-4.055421686746987
-6.139759036144579
-6.83975903614458
-5.818072289156626
-4.743373493975904
-5.403614457831325
-4.232530120481929
-3.516867469879518
-0.6554216867469869
-2.168674698795181
-2.048192771084337
-1.5602409638554207
-1.8650602409638566
-2.5530120481927714
-4.113253012048194
-2.8361445783132533
-0.9975903614457842
-2.7373493975903616
-3.0578313253012057
-3.7445783132530117
-2.313253012048193
-0.6084337349397586
0.4614457831325298
-0.18554216867469808
-0.1216867469879519
0.08554216867469844
-0.016867469879517927
3.645783132530121
4.3
2.0530120481927714
0.3662650602409645
-1.1192771084337343
0.8734939759036147
-0.2867469879518074
-0.5253012048192769
-0.15903614457831328
1.9000000000000004
-0.27590361445783085
0.18915662650602405
-1.2951807228915664
-1.3530120481927712
-0.1506024096385543
-0.2951807228915664
0.055421686746987664
-1.9879518072289155
-1.445783132530121
-2.4542168674698797
-1.8277108433734937
-3.472289156626506
-2.7855421686746986
-2.2289156626506026
-2.4301204819277107
-4.501204819277108
-8.537349397590361
-10.310843373493976
-10.036144578313252
-6.962650602409639
-7.138554216867469
-9.03132530120482
-7.798795180722891
-7.973493975903615
-8.021686746987951
-9.148192771084338
-4.242168674698795
-6.048192771084338
-6.83132530120482
-7.998795180722891
-9.437349397590362
