-0.963855421686747
-0.6373493975903614
-0.034939759036144435
0.6216867469879517
-1.7084337349397591
-2.1
-1.5987951807228917
-1.2240963855421687
0.9614457831325303
-1.3048192771084337
1.4771084337349396
3.1361445783132527
2.8493975903614457
-0.6108433734939759
-1.9096385542168677
2.632530120481928
-0.2168674698795181
-0.15662650602409633
2.616867469879518
2.243373493975904
3.265060240963855
2.073493975903615
2.648192771084337
3.950602409638554
4.97710843373494
3.0204819277108435
0.4951807228915661
2.5192771084337346
2.5457831325301203
1.9783132530120484
1.5
-0.2204819277108434
1.010843373493976
-0.3602409638554216
-1.1927710843373494
1.4783132530120482
1.6036144578313252
1.9746987951807227
2.25421686746988
0.7698795180722895
2.089156626506024
4.679518072289157
4.650602409638554
4.683132530120481
1.8867469879518075
1.0337349397590363
0.7843373493975903
-0.44216867469879517
1.4578313253012043
0.3879518072289163
-0.018072289156626287
1.156626506024097
-0.9048192771084338
-1.0385542168674702
-2.389156626506024
-0.09638554216867501
-0.6602409638554216
-2.2204819277108436
-2.875903614457831
-2.6819277108433734
-4.039759036144578
-4.431325301204819
-3.5060240963855422
-3.8831325301204815
-3.0614457831325304
-2.0409638554216865
-0.136144578313254
-2.1253012048192765
-3.704819277108433
-3.9542168674698788
-1.4975903614457842
-1.693975903614458
1.4650602409638571
-0.09879518072289173
-0.20722891566264945
-0.22409638554216826
-0.06987951807228932
0.016867469879519703
1.9626506024096386
-1.6192771084337343
-5.215662650602409
-3.2951807228915673
-2.0373493975903614
-2.555421686746987
-3.210843373493976
-3.0060240963855422
-0.6240963855421686
-2.808433734939759
-2.853012048192771
-2.17710843373494
-2.853012048192772
-3.692771084337349
-1.961445783132529
-0.9650602409638562
-0.4072289156626514
0.15421686746988073
0.27228915662650444
0.11325301204819382
-2.5096385542168687
-1.5120481927710827
-0.7421686746987941
-1.8903614457831317
-2.1325301204819276
-0.5987951807228917
-1.1903614457831324
-1.604819277108433
-0.21445783132530138
0.06746987951807171
-0.0409638554216869
0.9361445783132538
0.9277108433734931
-0.42048192771084203
-1.6120481927710841
-2.274698795180722
-0.03012048192771033
-0.3096385542168676
-0.7385542168674704
-0.5819277108433738
-1.0903614457831328
-3.0831325301204835
-4.040963855421687
-0.7349397590361448
-0.03855421686747107
-0.39518072289156514
-0.5277108433734927
-1.2963855421686752
-2.821686746987952
-3.0903614457831328
-3.096385542168674
-2.7939759036144594
-2.336144578313254
-2.0734939759036166
-1.6710843373493969
-3.3939759036144572
-4.408433734939759
-4.330120481927711
-5.025301204819279
-4.554216867469879
-4.415662650602409
-0.11807228915662549
0.07590361445783245
-0.3337349397590401
0.5710843373493972
1.7891566265060206
1.3807228915662648
0.975903614457831
-0.992771084337349
-2.53132530120482
-2.3698795180722882
-1.1542168674698772
-0.7867469879518083
-2.1650602409638555
-3.2072289156626503
-1.9963855421686745
-2.638554216867469
-1.8096385542168711
-1.2072289156626503
-1.1469879518072297
-1.7590361445783138
-0.6072289156626489
-1.0975903614457856
-1.0891566265060248
-0.21084337349397586
1.426506024096387
1.3855421686747
2.027710843373491
3.1807228915662655
3.1771084337349436
2.7433734939759056
1.5253012048192751
0.19879518072289315
-0.18313253012048136
0.6445783132530138
-0.3012048192771104
-3.6710843373493987
-3.9481927710843365
-3.3361445783132524
-3.1554216867469904
-3.478313253012047
-3.1975903614457835
-3.7144578313253014
-3.845783132530123
-3.0987951807228917
-1.8493975903614448
-0.8240963855421661
-0.8325301204819269
-2.9253012048192772
-1.7891566265060277
-1.8493975903614448
-1.6180722891566255
-0.7614457831325332
0.10361445783132339
-0.920481927710842
-0.7048192771084345
-1.1168674698795193
-0.7048192771084345
-3.0120481927710863
-2.3855421686747
-1.5277108433734945
-0.9192771084337359
-0.4590361445783131
0.19156626506023855
0.35421686746988
-3.35421686746988
-3.0903614457831345
-4.11566265060241
-4.765060240963859
-3.420481927710842
-2.4626506024096386
-1.927710843373493
-1.0843373493975896
0.2891566265060206
0.5012048192771061
0.10361445783132339
-0.053012048192773165
-0.3915662650602414
-1.82289156626506
-1.3180722891566283
-1.2590361445783103
-1.3855421686746965
-1.2301204819277096
-5.043373493975903
-4.021686746987953
-3.5
-2.2710843373493965
-1.6373493975903592
-2.857831325301202
-2.8349397590361427
-3.8903614457831317
-2.773493975903616
-2.032530120481926
-1.7843373493975925
-0.5710843373493972
-0.6084337349397586
-0.6000000000000014
-0.7602409638554235
-0.7132530120481917
-0.6783132530120461
-1.346987951807229
-0.5445783132530089
0.22409638554216826
0.263855421686749
0.5855421686746993
-0.40120481927710827
0.025301204819278666
-0.13734939759035925
-0.82289156626506
-1.073493975903613
1.1132530120481938
2.0084337349397607
1.8530120481927703
1.8855421686747
2.2710843373493965
2.0746987951807228
1.9433734939759049
2.8216867469879503
1.9253012048192737
3.0156626506024082
2.9216867469879553
1.483132530120482
0.12048192771084132
0.2975903614457813
-0.8771084337349357
-2.220481927710841
-2.779518072289159
-2.402409638554216
-0.4361445783132538
0.38554216867470004
0.2783132530120511
-0.7903614457831303
-1.0457831325301186
-1.185542168674699
-0.5156626506024118
-0.27951807228915726
1.2253012048192762
0.33012048192771104
-0.668674698795181
-1.7939759036144594
-1.8289156626506013
-2.1373493975903592
-3.4807228915662645
-3.5987951807228917
-5.050602409638556
-5.5674698795180735
-4.465060240963856
-3.8915662650602414
-3.716867469879519
-3.8518072289156624
-3.959036144578313
-1.662650602409638
-2.17710843373494
-1.790361445783132
0.6915662650602403
0.4301204819277107
0.4987951807228921
0.21084337349397586
1.024096385542169
-1.3554216867469862
-1.039759036144579
-1.6397590361445804
-0.018072289156625843
0.05662650602409691
-0.003614457831325524
0.8674698795180706
0.6831325301204814
-1.2554216867469865
-2.7686746987951816
-2.548192771084337
-2.0602409638554207
-0.06506024096385588
1.146987951807228
3.486746987951806
3.163855421686746
4.702409638554217
4.362650602409638
2.542168674698795
0.555421686746989
0.4867469879518067
0.7915662650602417
-0.23855421686747036
-0.18554216867469808
2.178313253012048
4.885542168674698
7.083132530120482
6.045783132530121
3.8
0.8530120481927712
0.6662650602409643
0.48072289156626535
0.773493975903615
0.21325301204819258
-2.025301204819277
0.3409638554216867
-0.7999999999999998
-0.475903614457831
-0.31084337349397595
0.7048192771084336
-0.9530120481927709
-0.1506024096385543
0.6048192771084335
3.8554216867469875
0.3120481927710843
-0.4457831325301207
0.44578313253012025
0.4722891566265064
-2.972289156626506
-3.485542168674699
-2.3289156626506027
-2.230120481927711
-2.4012048192771083
0.8626506024096383
-0.4108433734939758
-0.23614457831325297
-0.9626506024096382
-1.6385542168674698
-1.1313253012048192
-1.0987951807228913
-2.0734939759036144
-0.22168674698795177
1.0518072289156626
-0.04216867469879504
-0.6481927710843374
-3.7313253012048193
-3.2987951807228915
-2.4373493975903617
