0.736144578313253
-2.4373493975903613
-1.5349397590361447
-0.4783132530120483
-1.7084337349397591
-1.2
0.10120481927710845
-0.4240963855421687
-1.6385542168674698
-2.2048192771084336
-1.2228915662650603
-2.6638554216867467
-3.350602409638554
-3.110843373493976
-3.4096385542168677
-2.8674698795180724
-2.4168674698795183
-2.256626506024096
-1.483132530120482
-0.9566265060240965
-1.9349397590361446
-2.226506024096386
-1.3518072289156626
-1.349397590361446
-1.2228915662650603
0.02048192771084323
-1.604819277108434
-0.9807228915662651
0.8457831325301206
1.3783132530120483
0.3999999999999999
-0.12048192771084354
-1.589156626506024
-0.06024096385542155
-1.7927710843373494
-2.8216867469879516
-2.6963855421686747
-3.4253012048192772
-3.5457831325301203
-5.03012048192771
-4.8108433734939755
-4.320481927710843
-5.249397590361445
-4.016867469879518
-3.3132530120481927
-2.666265060240964
-2.01566265060241
-2.7421686746987954
-1.9421686746987954
0.08795180722891605
-0.11807228915662593
-0.04337349397590318
1.0951807228915662
2.2614457831325296
2.0108433734939757
1.3036144578313245
1.539759036144578
0.7795180722891564
1.6240963855421686
0.718072289156626
0.8602409638554214
0.46867469879518087
1.8939759036144581
2.716867469879519
2.2385542168674695
1.0590361445783136
0.863855421686746
-3.4253012048192764
-1.604819277108433
-1.8542168674698791
-2.297590361445784
-3.093975903614458
-4.534939759036144
-4.998795180722892
-3.60722891566265
-2.824096385542168
-1.2698795180722886
-0.5831325301204808
0.362650602409639
0.3807228915662666
0.38433734939759034
0.7048192771084327
1.4626506024096386
1.0445783132530124
1.1891566265060245
1.0939759036144583
1.0759036144578307
1.5915662650602407
1.2469879518072293
2.32289156626506
1.846987951807229
2.7072289156626503
2.33855421686747
2.1349397590361434
2.3927710843373493
1.4542168674698797
0.8722891566265041
1.1132530120481938
0.8903614457831317
-0.21204819277108378
0.8578313253012055
2.0096385542168687
0.46746987951807206
-1.5987951807228917
-5.190361445783132
-1.5048192771084334
-0.814457831325301
0.36746987951807064
0.5590361445783127
0.5361445783132535
0.6277108433734924
0.579518072289158
0.7879518072289144
1.9253012048192772
0.86987951807229
0.6903614457831324
-0.4385542168674714
0.4180722891566262
-0.29036144578313205
-0.6831325301204831
-0.14096385542168655
0.5650602409638541
1.8614457831325293
2.2048192771084363
2.772289156626506
2.5036144578313255
0.6783132530120479
-2.490361445783133
-3.4963855421686727
-3.893975903614459
-4.0361445783132535
-4.073493975903617
-1.5710843373493955
-0.49397590361445687
0.29156626506023997
1.669879518072289
3.4746987951807213
4.745783132530121
5.484337349397592
5.081927710843374
5.17590361445783
3.2662650602409613
3.0710843373493972
3.0891566265060213
4.380722891566265
5.0759036144578324
5.20722891566265
1.0686746987951814
-1.969879518072288
-1.4542168674698779
-2.6867469879518087
-2.6650602409638555
-4.007228915662649
-5.796385542168675
-5.538554216867469
-4.60963855421687
-2.507228915662651
-2.846987951807229
-1.459036144578313
-1.3072289156626518
-1.3975903614457863
-1.0891566265060248
-0.9108433734939752
-1.273493975903616
-2.214457831325298
-1.8722891566265076
-1.5192771084337373
-2.122891566265057
-2.4566265060240937
-1.9746987951807249
-1.4012048192771083
-2.6831325301204814
-1.7554216867469847
-1.9012048192771118
-2.371084337349398
-4.348192771084339
-2.936144578313254
-1.2554216867469918
-0.7783132530120476
-0.8975903614457827
-0.5144578313253021
-0.8457831325301228
-2.4987951807228903
-2.1493975903614455
-1.5240963855421654
-1.4325301204819247
-1.725301204819278
-0.489156626506027
0.5506024096385538
-0.3180722891566248
-2.6614457831325318
-4.196385542168677
-4.620481927710841
-3.7048192771084345
-3.016867469879518
-2.1048192771084366
-1.8120481927710834
-1.2855421686746986
0.2722891566265062
-0.4192771084337359
-3.1590361445783124
-2.5084337349397607
-1.7457831325301214
-0.9542168674698814
-0.7903614457831338
-0.015662650602408235
0.4349397590361441
0.6795180722891558
-0.5626506024096365
-0.6277108433734924
-3.284337349397589
-2.7108433734939794
-2.2987951807228946
-1.8963855421686766
-5.053012048192773
-4.891566265060241
-3.0228915662650593
-1.5180722891566276
-1.459036144578313
-2.185542168674697
-3.330120481927711
-1.9433734939759013
-0.7216867469879524
0.10000000000000142
0.5289156626506006
0.7626506024096393
0.14216867469879801
-0.9349397590361441
-0.4903614457831331
0.026506024096384806
-0.13253012048192758
0.5156626506024082
-0.5710843373493972
-2.0084337349397607
-3.6999999999999993
-3.7602409638554235
-2.313253012048193
-2.878313253012049
-2.246987951807231
-2.444578313253011
-2.475903614457831
-1.636144578313253
0.18554216867470075
1.2987951807228946
1.725301204819278
1.9626506024096386
1.67710843373494
1.8265060240963855
1.3132530120481931
-1.1915662650602385
-3.0469879518072283
-1.2144578313253014
-1.2289156626506035
-4.325301204819276
-4.456626506024097
-1.5783132530120518
-1.6746987951807242
-2.48433734939759
-3.278313253012046
-2.1168674698795193
-1.579518072289158
-1.6024096385542173
-0.5771084337349386
-1.2204819277108392
-0.8795180722891587
-1.8024096385542165
-1.136144578313253
0.2855421686746986
0.1783132530120497
2.5096385542168704
2.4542168674698814
0.6144578313253017
1.1843373493975875
1.720481927710841
1.025301204819277
1.2301204819277114
0.6313253012048197
1.7060240963855424
-0.8289156626506013
-2.237349397590359
-2.380722891566265
-3.9987951807228903
-3.7506024096385566
-3.7674698795180728
-2.765060240963855
-2.2915662650602417
0.4831325301204803
2.6481927710843376
1.540963855421687
2.337349397590362
3.8228915662650618
3.9096385542168672
4.191566265060242
2.9301204819277107
2.8987951807228924
1.910843373493977
2.2240963855421683
2.644578313253014
2.160240963855422
2.76024096385542
3.1819277108433734
1.2566265060240962
0.4963855421686745
-1.032530120481928
-0.8168674698795186
-0.6554216867469869
-0.46867469879518175
-0.7481927710843372
-1.1602409638554203
-0.3650602409638566
0.7469879518072293
-2.313253012048193
-2.636144578313253
-2.3975903614457836
-2.2373493975903616
-2.257831325301206
-2.444578313253012
-2.613253012048193
-1.6084337349397586
-0.5385542168674702
-0.4855421686746979
-0.4216867469879517
-1.4144578313253016
-0.7168674698795181
-1.154216867469879
-1.2000000000000002
-0.7469879518072284
-1.0337349397590359
-0.8192771084337345
-2.326506024096385
-2.7867469879518074
-0.5253012048192769
1.4409638554216873
3.2
3.4240963855421693
2.0891566265060244
3.604819277108434
5.446987951807229
5.749397590361446
4.104819277108433
4.155421686746987
4.712048192771084
5.054216867469878
3.1457831325301204
2.3722891566265063
2.327710843373494
1.8144578313253015
3.2710843373493974
4.469879518072289
4.998795180722891
3.9626506024096386
4.089156626506024
2.7638554216867472
3.837349397590362
4.06144578313253
0.2686746987951807
0.3012048192771086
0.9265060240963856
-0.32168674698795185
0.4518072289156625
-0.14216867469879513
-0.8481927710843373
-0.7313253012048194
0.4012048192771085
-2.0373493975903614
