-2.2638554216867472
-2.337349397590361
-2.5349397590361447
-2.1783132530120484
-3.308433734939759
-3.5
-8.098795180722892
-10.724096385542168
-10.23855421686747
-10.104819277108435
-5.72289156626506
-2.6638554216867467
-4.050602409638554
-3.3108433734939755
-4.009638554216868
-3.2674698795180723
-1.716867469879518
-1.4566265060240964
-4.783132530120482
-4.156626506024097
0.7650602409638554
0.37349397590361444
0.04819277108433728
-4.1493975903614455
-6.22289156626506
-6.679518072289157
-5.2048192771084345
-5.780722891566265
-8.15421686746988
-6.621686746987952
-7.0
-8.020481927710843
-8.189156626506024
-6.260240963855422
-7.092771084337349
-8.021686746987951
-5.396385542168675
-5.725301204819277
-6.2457831325301205
-7.2301204819277105
-5.910843373493976
-3.5204819277108435
-1.9493975903614458
-1.416867469879518
-0.41325301204819276
-0.16626506024096388
-0.51566265060241
-0.24216867469879544
-1.7421686746987954
-2.2120481927710838
-3.418072289156626
-4.143373493975903
-3.8048192771084337
-3.33855421686747
-3.189156626506024
-2.596385542168675
-1.0602409638554215
-0.9204819277108434
0.8240963855421688
1.218072289156626
-0.3397590361445779
-0.2313253012048193
-1.0060240963855422
0.016867469879517927
-0.3614457831325302
-1.9409638554216864
-2.2361445783132536
-1.4253012048192764
-1.404819277108433
-0.9542168674698788
-0.6975903614457843
-0.8939759036144581
0.5650602409638568
1.4012048192771083
0.5927710843373504
1.8759036144578314
1.7301204819277114
1.716867469879519
0.7626506024096393
2.580722891566266
1.48433734939759
-0.29518072289156727
-0.637349397590361
-0.6554216867469869
0.6891566265060245
-1.7060240963855424
-1.024096385542169
-0.10843373493975861
0.846987951807229
0.5228915662650593
1.5469879518072283
1.507228915662651
3.1385542168674707
3.8349397590361445
2.2927710843373497
0.6542168674698807
1.1722891566265048
1.3132530120481931
1.3903614457831317
-2.2120481927710838
-2.3421686746987938
-2.090361445783131
-1.7325301204819272
-0.4987951807228903
0.8096385542168676
-0.6048192771084331
-2.814457831325301
-3.1325301204819294
-4.340963855421687
-7.063855421686746
-4.572289156626508
-3.420481927710842
-2.312048192771085
-1.474698795180723
-1.5301204819277103
-2.4096385542168672
-2.538554216867471
-3.481927710843374
-2.490361445783133
-1.7831325301204828
-1.7409638554216862
-1.7349397590361448
-3.83855421686747
-4.695180722891566
-2.927710843373493
0.003614457831325524
-0.5216867469879514
-0.29036144578313205
0.4036144578313259
1.40602409638554
1.6638554216867458
1.8265060240963837
1.5289156626506024
-0.3939759036144572
-2.70843373493976
-4.23012048192771
-3.725301204819278
-2.2542168674698804
-1.2156626506024075
-2.918072289156626
-3.6240963855421686
-4.633734939759039
-4.4289156626506045
-3.4108433734939787
-2.119277108433735
-1.4240963855421676
0.10722891566265247
0.5686746987951814
1.2301204819277132
-1.5542168674698793
-3.1867469879518087
-2.065060240963856
-3.107228915662649
-3.296385542168675
-3.138554216867469
-1.7096385542168697
-2.007228915662651
-2.5469879518072283
-2.459036144578313
-1.507228915662651
-2.1975903614457835
-1.8891566265060256
-1.110843373493978
-1.273493975903616
-1.9144578313253007
-2.072289156626507
-1.8192771084337345
0.07710843373494214
0.24337349397590557
0.8253012048192758
1.0987951807228917
1.6168674698795193
1.7445783132530153
0.1987951807228896
-0.47108433734939936
-0.4481927710843365
-0.1361445783132531
-0.555421686746989
-1.5783132530120447
-3.7975903614457813
-2.2144578313253014
-4.64578313253012
-3.5987951807228917
-3.449397590361446
-3.4240963855421676
-3.9325301204819247
-4.325301204819279
-4.989156626506027
-4.449397590361446
-4.1180722891566255
-5.361445783132531
-4.9963855421686745
-4.920481927710842
-2.2048192771084345
-2.1168674698795193
-2.6048192771084366
-2.612048192771084
-3.485542168674698
-2.827710843373495
-2.619277108433735
-3.259036144578314
-2.608433734939762
-3.14578313253012
-1.85421686746988
-1.0903614457831345
-0.015662650602408235
-0.3650602409638566
-0.7204819277108427
-0.1626506024096379
-0.6277108433734924
-4.1843373493975875
-4.410843373493979
-4.598795180722892
-3.3963855421686766
-1.5530120481927732
-0.8915662650602414
-0.22289156626506212
0.18192771084337167
-0.4590361445783131
-1.2855421686746986
-1.0301204819277103
-2.0433734939759027
-3.6216867469879546
-3.599999999999998
-2.371084337349398
-1.2373493975903607
-3.357831325301202
-5.434939759036144
-4.590361445783131
-3.3734939759036138
-2.732530120481929
-2.184337349397591
-2.1710843373493987
-4.108433734939759
-5.100000000000001
-7.060240963855422
-6.313253012048191
-5.178313253012046
-4.046987951807228
-3.244578313253008
-2.475903614457831
-1.636144578313253
0.18554216867470075
0.8987951807228924
0.9253012048192772
1.2626506024096393
0.5771084337349421
0.8265060240963855
0.013253012048192403
0.20843373493976003
-0.6469879518072297
0.08554216867469933
0.6710843373493987
0.37469879518072347
0.24337349397590202
0.02168674698794959
0.9253012048192737
-0.8843373493975903
-1.6783132530120461
-0.6168674698795193
0.32048192771084416
1.4975903614457842
2.1228915662650643
1.079518072289158
-2.1795180722891594
-4.1024096385542155
-4.5361445783132535
-3.814457831325301
-1.6216867469879492
-1.7903614457831303
-0.1457831325301182
0.31445783132530103
-3.8156626506024107
-3.379518072289157
-0.8746987951807217
-1.36987951807229
1.03132530120482
0.20602409638554064
0.571084337349399
-1.8373493975903603
-3.380722891566265
-5.098795180722892
-5.050602409638556
-5.0674698795180735
-4.365060240963855
-3.3915662650602414
-3.91686746987952
-2.5518072289156617
-1.8590361445783135
-0.4626506024096386
0.7228915662650603
0.9096385542168672
1.991566265060241
1.9301204819277107
1.8987951807228924
2.210843373493976
1.4240963855421693
1.0445783132530124
-0.7397590361445783
-1.539759036144579
-0.31807228915662655
-0.2433734939759038
-0.8036144578313245
0.46746987951807206
2.3831325301204824
0.8445783132530131
-0.16867469879518104
-0.04819277108433795
-1.0602409638554207
-1.8650602409638566
0.34698795180722897
2.486746987951806
3.2638554216867472
2.202409638554217
1.1626506024096388
0.44216867469879517
0.4554216867469876
1.2867469879518074
-0.3084337349397588
-1.33855421686747
-3.985542168674698
-4.321686746987952
-3.3144578313253015
-4.416867469879518
-4.454216867469879
-3.9
-2.146987951807229
-1.0337349397590359
0.48072289156626535
0.773493975903615
2.0132530120481924
3.274698795180723
5.040963855421688
4.9
5.52409638554217
6.289156626506024
3.604819277108434
2.546987951807229
1.749397590361446
0.3048192771084337
-2.144578313253012
-0.9879518072289155
3.354216867469879
6.24578313253012
4.9722891566265055
3.327710843373494
1.5144578313253012
0.3710843373493975
0.4698795180722892
0.49879518072289164
-1.0373493975903614
-1.310843373493976
-0.9361445783132529
-2.462650602409638
-1.1385542168674698
-0.7313253012048193
1.3012048192771086
2.7265060240963854
-2.621686746987952
-0.44819277108433764
1.657831325301205
1.5518072289156626
0.36867469879518056
-0.0987951807228915
0.36265060240963853
