-0.763855421686747
-1.7373493975903613
-1.8349397590361445
0.02168674698795181
1.191566265060241
1.2000000000000002
3.301204819277108
3.8759036144578314
1.9614457831325303
1.6951807228915663
1.3771084337349395
0.736144578313253
2.149397590361446
3.3891566265060247
4.090361445783133
4.032530120481928
3.783132530120482
2.6433734939759033
0.6168674698795181
-0.4566265060240965
0.5650602409638554
-0.8265060240963855
0.24819277108433724
0.35060240963855427
0.27710843373493965
-0.6795180722891567
2.1951807228915663
4.219277108433735
3.645783132530121
1.7783132530120482
2.9
4.179518072289157
4.8108433734939755
4.939759036144578
1.907228915662651
2.3783132530120485
0.403614457831325
3.9746987951807227
2.25421686746988
3.0698795180722893
1.2891566265060241
-0.1204819277108431
-1.3493975903614457
-0.41686746987951784
-1.3132530120481927
-2.666265060240964
-2.41566265060241
-2.8421686746987955
-0.9421686746987952
-1.912048192771084
-2.318072289156626
-3.8433734939759034
-3.2048192771084336
-0.33855421686747
0.6108433734939762
0.2036144578313248
-0.1602409638554212
-0.5204819277108435
-1.5759036144578311
-1.0819277108433738
-1.4397590361445785
-1.431325301204819
-3.306024096385542
-4.8831325301204815
-4.86144578313253
-5.340963855421687
-5.336144578313253
-4.325301204819277
-3.104819277108433
-1.654216867469879
-2.897590361445784
-1.3939759036144581
-1.6349397590361434
-2.498795180722892
-2.0072289156626493
-2.1240963855421686
-2.7698795180722886
-5.98313253012048
-2.637349397590361
-1.6192771084337343
0.8843373493975903
0.8048192771084324
0.9626506024096386
1.9445783132530128
2.589156626506023
3.2939759036144576
2.5759036144578307
-0.508433734939759
-2.653012048192771
-3.5771084337349404
-4.953012048192772
-2.992771084337349
-2.3614457831325293
0.13493975903614341
2.3927710843373493
1.1542168674698807
2.072289156626505
1.3132530120481931
2.590361445783131
2.4879518072289173
2.057831325301205
2.5096385542168687
-0.03253012048192794
0.701204819277109
-1.6903614457831324
-2.7048192771084345
-2.5144578313253003
-1.4325301204819283
-2.740963855421686
-2.563855421686746
-1.6722891566265083
-0.7204819277108427
-0.9120481927710848
-0.27469879518072204
-0.63012048192771
-1.0096385542168669
0.8614457831325293
2.6180722891566255
3.309638554216866
4.016867469879518
3.8590361445783135
2.6650602409638537
2.0614457831325286
0.2048192771084345
1.3722891566265076
2.8036144578313262
1.7783132530120493
-0.29036144578313205
1.0036144578313273
1.806024096385542
0.46385542168674654
-0.973493975903617
-0.17108433734939688
-0.09397590361445651
-1.3084337349397597
-2.7301204819277096
-3.0253012048192787
-3.35421686746988
-3.5156626506024082
-3.418072289156626
-2.4240963855421693
-2.933734939759038
-3.828915662650605
-2.7108433734939776
-2.2192771084337366
-0.6240963855421668
-0.7927710843373497
-0.1313253012048179
-0.36987951807228825
-2.2542168674698786
-1.9867469879518076
-2.1650602409638555
-0.8072289156626482
-1.3963855421686766
-2.0385542168674675
-0.409638554216869
0.7927710843373497
1.0530120481927732
-0.2590361445783138
-2.007228915662651
-1.6975903614457835
-4.6891566265060245
-5.310843373493977
-3.273493975903616
-2.714457831325298
-1.972289156626509
-0.11927710843373518
1.2771084337349414
1.0433734939759063
-0.07469879518072275
-0.9012048192771083
-1.7831325301204828
-1.455421686746984
-0.7012048192771125
0.42891566265060277
0.7518072289156628
1.0638554216867462
-0.8554216867469897
-2.8783132530120454
-1.7975903614457813
-0.3144578313253028
-0.64578313253012
0.40120481927710827
-1.549397590361444
-0.42409638554216755
-1.632530120481924
-2.3253012048192794
-3.2891566265060277
-2.349397590361445
-0.4180722891566262
-0.2614457831325332
-2.296385542168675
-0.920481927710842
0.4951807228915648
0.9831325301204821
-0.3048192771084359
0.18795180722891658
1.7144578313253014
3.272289156626506
3.380722891566265
1.8409638554216876
0.49156626506023926
0.4542168674698779
1.14578313253012
2.1096385542168683
0.2843373493975925
-4.765060240963859
-2.820481927710844
-4.0626506024096365
-4.127710843373492
-1.6843373493975875
-2.7108433734939794
-3.0987951807228917
-3.9963855421686745
-2.9530120481927717
-2.4915662650602393
-3.5228915662650593
-3.118072289156629
-3.959036144578313
-4.685542168674697
-5.03012048192771
-4.043373493975903
-3.7216867469879524
-4.300000000000001
-4.871084337349398
-3.6373493975903592
-2.6578313253012027
-2.7349397590361413
-2.090361445783131
-1.6734939759036145
-0.8325301204819269
-0.9843373493975918
-0.17108433734939865
-0.4084337349397593
-0.10000000000000142
0.13975903614457863
-1.413253012048191
-3.0783132530120483
-2.346987951807229
-1.2445783132530082
0.3240963855421697
0.6638554216867476
-0.014457831325298542
0.09879518072289173
0.22530120481927796
0.26265060240963933
0.67710843373494
1.1265060240963862
0.7132530120481917
-0.9915662650602393
-1.1469879518072297
-0.9144578313253007
-1.7289156626506035
-1.5253012048192751
-0.45662650602409727
-0.7783132530120511
-2.7746987951807256
-4.784337349397591
-5.478313253012047
-4.316867469879519
-3.579518072289158
-2.702409638554217
-2.077108433734937
-1.4204819277108403
-0.7795180722891608
-0.7024096385542151
-0.4361445783132538
1.1855421686746972
0.4783132530120504
0.20963855421686972
-2.645783132530118
-3.7855421686746986
-3.215662650602411
-3.6795180722891576
-2.8746987951807217
-3.169879518072289
-2.2686746987951807
-0.6939759036144597
-1.628915662650602
-0.6373493975903592
-0.7807228915662652
-2.298795180722891
-2.450602409638556
0.7325301204819272
-0.16506024096385552
0.9084337349397575
0.783132530120481
-0.3518072289156624
-0.05903614457831452
0.637349397590361
0.7228915662650603
-0.5903614457831328
-0.4084337349397593
0.4301204819277107
-0.9012048192771083
-2.289156626506024
-2.2759036144578317
0.2445783132530135
-1.4397590361445793
-1.8397590361445797
0.28192771084337487
-2.3433734939759034
-4.303614457831325
-4.232530120481929
-3.1168674698795185
-2.355421686746987
-2.668674698795181
-1.8481927710843369
1.23975903614458
2.5349397590361438
3.646987951807228
2.986746987951806
2.663855421686746
2.902409638554216
2.4626506024096395
1.5421686746987948
1.6554216867469886
1.886746987951807
0.29156626506024175
-0.7385542168674704
-2.8855421686746983
-3.8216867469879516
-4.414457831325302
-3.4168674698795183
-3.154216867469879
-2.3
-1.9469879518072286
-0.9337349397590362
-1.7192771084337344
-4.3265060240963855
-5.086746987951807
-3.8253012048192767
-2.459036144578313
-0.20000000000000018
0.7240963855421692
1.9891566265060239
3.104819277108434
3.2469879518072293
2.049397590361446
0.7048192771084336
0.3554216867469875
1.512048192771084
1.0542168674698793
0.9457831325301203
0.9722891566265064
0.7277108433734942
2.414457831325301
2.4710843373493976
2.7698795180722895
0.9987951807228916
2.0626506024096383
0.889156626506024
0.963855421686747
1.7373493975903616
0.6614457831325304
0.6686746987951806
-0.5987951807228913
0.22650602409638543
0.5783132530120483
1.0518072289156626
0.9578313253012047
2.4518072289156625
2.468674698795181
2.5012048192771084
1.4626506024096384
