4.136144578313253
2.9626506024096386
2.8650602409638557
-0.6783132530120483
-0.8084337349397591
-1.4
0.4012048192771084
-0.024096385542168752
0.8614457831325302
-1.9048192771084338
-2.6228915662650607
-2.563855421686747
-3.1506024096385543
-0.810843373493976
-0.40963855421686757
1.132530120481928
-0.6168674698795181
-2.256626506024096
-0.4831325301204819
1.7433734939759036
2.6650602409638555
3.8734939759036147
4.9481927710843365
3.050602409638554
2.47710843373494
-0.7795180722891567
-0.9048192771084339
-1.180722891566265
-1.1542168674698794
0.17831325301204837
-0.5
-2.0204819277108435
-1.3891566265060242
-0.9602409638554217
-0.6927710843373494
-0.32168674698795163
-1.2963855421686747
-1.925301204819277
-1.0457831325301203
-1.0301204819277108
-0.810843373493976
-1.0204819277108432
-1.7493975903614456
-1.016867469879518
-1.0132530120481926
-0.06626506024096379
1.1843373493975902
-0.44216867469879517
-0.14216867469879535
0.587951807228916
1.5819277108433742
2.656626506024097
4.095180722891566
1.9614457831325298
0.910843373493976
2.3036144578313245
1.1397590361445786
1.9795180722891565
2.524096385542169
2.718072289156626
2.7602409638554217
3.0686746987951814
2.893975903614458
4.916867469879518
4.7385542168674695
4.459036144578313
5.563855421686747
3.674698795180724
3.095180722891567
1.5457831325301203
0.5024096385542158
1.306024096385543
0.26506024096385605
-0.9987951807228921
-1.6072289156626498
-0.7240963855421683
-0.9698795180722888
-0.283132530120481
1.5626506024096383
2.080722891566266
2.184337349397591
3.2048192771084327
2.362650602409639
1.8445783132530131
0.7891566265060241
0.5939759036144583
0.07590361445783067
0.19156626506024033
-0.8530120481927703
-2.17710843373494
0.1469879518072279
0.507228915662651
0.7385542168674704
1.3349397590361445
1.3927710843373493
1.35421686746988
1.5722891566265051
-0.1867469879518069
-0.009638554216868656
-2.2120481927710838
-1.8421686746987938
-0.29036144578313205
0.5674698795180717
2.3012048192771086
3.0096385542168687
-0.00481927710843344
0.18554216867469897
-0.33253012048192865
2.3590361445783135
0.23614457831325453
-3.8722891566265076
-4.520481927710842
-4.7120481927710856
-3.274698795180722
-1.2301204819277096
-0.40963855421686723
-0.6385542168674707
-2.081927710843374
-1.290361445783132
-0.7831325301204828
-0.5409638554216869
-0.5349397590361455
-1.9385542168674714
-1.4951807228915648
-1.1277108433734924
0.10361445783132517
-0.4216867469879517
0.20963855421686795
0.2036144578313266
0.8060240963855421
1.4638554216867465
1.1265060240963845
0.6289156626506038
-0.5939759036144565
-2.9084337349397593
-1.5301204819277103
-0.3253012048192776
0.4457831325301207
0.18433734939759105
1.0819277108433738
0.975903614457831
-0.6337349397590373
-0.7289156626506035
-1.5108433734939783
-1.7192771084337366
-1.024096385542169
-0.29277108433734966
-0.8313253012048207
-1.969879518072288
-1.9542168674698779
-3.4867469879518076
-2.1650602409638555
-0.9072289156626496
0.2036144578313248
1.0614457831325304
-0.20963855421686972
0.29277108433734966
0.8530120481927703
1.6409638554216848
0.7927710843373497
-1.2975903614457849
-2.589156626506025
-2.610843373493978
-3.8734939759036138
-1.6144578313253
0.12771084337349237
0.18072289156626553
-0.42289156626505786
0.9433734939759049
1.5253012048192751
-0.0012048192771061395
-1.6831325301204814
-0.35542168674698615
0.3987951807228889
0.12891566265060206
-0.6481927710843358
-1.2361445783132545
-1.055421686746989
-0.47831325301204686
-1.597590361445782
-3.014457831325302
-2.845783132530123
-1.5987951807228917
-0.6493975903614455
0.37590361445783316
0.6674698795180731
0.9746987951807213
2.010843373493973
1.5506024096385538
1.6819277108433752
1.638554216867469
2.703614457831325
1.7795180722891608
2.3951807228915634
1.1831325301204814
-2.1048192771084366
-0.11204819277108413
-0.5855421686746993
-0.027710843373494498
0.08072289156626411
0.7409638554216862
0.9915662650602393
0.9542168674698779
0.24578313253011785
-0.9903614457831331
-1.0156626506024082
0.03493975903614199
0.579518072289158
1.0373493975903614
-1.3277108433734917
-3.284337349397589
-3.5108433734939766
-2.7987951807228946
-4.296385542168675
-4.553012048192773
-3.29156626506024
-2.82289156626506
-1.8180722891566283
-1.3590361445783117
-0.1855421686746972
0.16987951807228896
-0.24337349397590202
-1.0216867469879531
-1.3999999999999986
-1.0710843373493972
0.16265060240964146
-2.257831325301204
-1.6349397590361434
-2.3903614457831317
-2.1734939759036145
-0.9325301204819283
-2.0843373493975896
-1.5710843373493972
-1.5084337349397607
-2.1999999999999993
-0.16024096385542208
0.586746987951809
1.3216867469879539
1.4530120481927717
1.555421686746989
0.9240963855421676
-1.9361445783132503
-3.7144578313253014
-3.6012048192771076
-3.0746987951807228
-4.037349397590361
-4.022891566265059
-2.973493975903615
-2.2867469879518083
-2.9915662650602393
-2.6469879518072297
-3.6144578313253017
-2.2289156626506035
-1.3253012048192758
-0.9566265060240973
-0.2783132530120511
0.4253012048192737
-0.18433734939759105
1.0216867469879531
1.08313253012048
-0.579518072289158
-1.902409638554218
-2.6771084337349365
-2.1204819277108413
-0.1795180722891594
1.3975903614457827
2.563855421686746
2.685542168674697
0.9783132530120504
1.909638554216869
1.6542168674698807
-0.5855421686746975
-2.9156626506024104
-3.1795180722891576
-2.3746987951807217
-2.4698795180722897
-2.5686746987951814
-2.1939759036144597
-3.0289156626506024
-3.1373493975903592
-3.880722891566265
-2.6987951807228914
-2.7506024096385566
-2.5674698795180735
-2.6650602409638555
-1.8915662650602414
-2.3168674698795204
-1.951807228915662
-2.3590361445783135
-2.0626506024096383
-1.3771084337349393
-2.490361445783133
0.3915662650602414
0.8301204819277093
0.39879518072289244
1.7108433734939759
-1.175903614457832
-0.8554216867469862
-0.3397590361445779
0.6602409638554203
2.081927710843374
-1.8433734939759034
-1.5036144578313255
-2.8325301204819286
-1.516867469879518
-2.9554216867469867
-3.168674698795181
-3.548192771084337
-3.5602409638554207
-3.1650602409638564
-2.853012048192771
-3.5132530120481933
-3.136144578313253
-2.6975903614457835
-1.4373493975903608
-1.6578313253012054
0.05542168674698811
1.686746987951806
2.0915662650602416
-0.03855421686747018
-1.485542168674698
1.678313253012048
2.685542168674699
-0.6168674698795185
-1.0542168674698793
-0.7000000000000002
-2.0469879518072287
-2.9337349397590358
-0.4192771084337341
2.073493975903615
1.8132530120481931
3.474698795180723
4.440963855421686
5.0
4.724096385542169
5.289156626506024
3.904819277108434
3.846987951807229
2.1493975903614455
0.3048192771084337
-1.7445783132530124
-0.1879518072289157
-0.745783132530121
0.7457831325301205
3.972289156626506
2.827710843373494
1.6144578313253013
-0.6289156626506025
-2.5301204819277108
-3.6012048192771084
-2.5373493975903614
-0.8108433734939757
-0.43614457831325293
-1.0626506024096383
-1.0385542168674697
-0.9313253012048193
-2.0987951807228913
-0.7734939759036144
-3.121686746987952
-0.6481927710843376
2.4578313253012047
1.0518072289156626
1.0686746987951807
1.9012048192771083
1.6626506024096386
