0.736144578313253
0.9626506024096386
1.2650602409638554
1.4216867469879517
0.39156626506024095
1.3000000000000003
-0.7987951807228916
0.6759036144578313
0.7614457831325301
-1.4048192771084338
-4.622891566265061
-3.963855421686747
-3.850602409638554
-5.510843373493976
-4.109638554216867
-3.567469879518072
-6.916867469879518
-8.656626506024097
-8.483132530120482
-5.256626506024097
-4.634939759036144
-4.926506024096385
-5.251807228915663
-2.249397590361446
-0.12289156626506026
0.6204819277108433
1.395180722891566
2.8192771084337345
3.4457831325301207
1.1783132530120481
-0.3999999999999999
-0.7204819277108434
-1.489156626506024
-2.0602409638554215
-2.3927710843373493
-2.4216867469879517
-2.896385542168675
-4.925301204819277
-6.54578313253012
-6.53012048192771
-3.810843373493976
-3.8204819277108433
-2.1493975903614455
-2.916867469879518
-4.313253012048193
-7.066265060240964
-8.01566265060241
-4.442168674698795
-3.942168674698795
-1.3120481927710839
-0.9180722891566262
1.2566265060240966
0.49518072289156656
1.0614457831325295
1.2108433734939759
-0.6963855421686751
1.9397590361445785
2.1795180722891567
2.224096385542169
2.6180722891566264
1.3602409638554214
2.9686746987951818
3.7939759036144585
2.8168674698795186
0.6385542168674698
-1.7409638554216866
-3.8361445783132537
-5.225301204819276
-4.504819277108433
-4.454216867469879
-3.897590361445784
-1.7939759036144576
-1.234939759036144
-0.7987951807228919
-0.20722891566264945
0.27590361445783174
0.4301204819277107
-1.9831325301204803
-2.7373493975903607
-1.719277108433734
-2.81566265060241
-1.9951807228915674
-1.9373493975903617
-1.1554216867469869
-0.21084337349397586
1.0939759036144583
-0.12409638554216862
0.7915662650602417
0.9469879518072286
-1.4771084337349407
-0.8530120481927721
-0.19277108433734824
-0.16144578313253
0.23493975903614306
0.29277108433734966
0.6542168674698807
0.9722891566265055
1.4132530120481928
1.9903614457831313
3.087951807228917
2.8578313253012055
0.709638554216868
2.467469879518072
2.6012048192771093
1.0096385542168687
-1.104819277108433
-2.314457831325301
-0.33253012048192865
0.1590361445783124
-0.06385542168674618
1.427710843373493
1.379518072289157
1.2879518072289144
0.02530120481927689
-0.13012048192770997
-3.009638554216867
-4.73855421686747
-4.481927710843374
-5.590361445783133
-5.283132530120483
-5.1409638554216865
-3.5349397590361455
-3.038554216867471
-1.8951807228915651
-1.5277108433734927
-1.2963855421686752
-1.321686746987952
-0.6903614457831324
0.0036144578313273
1.2060240963855406
0.8638554216867451
1.7265060240963823
1.3289156626506031
3.1060240963855428
3.8915662650602414
2.3698795180722882
2.0746987951807228
1.0457831325301186
1.0843373493975932
-1.3180722891566266
-0.9240963855421693
-1.433734939759038
-0.7289156626506035
0.7891566265060206
1.580722891566264
0.475903614457831
0.20722891566265034
0.2686746987951807
0.030120481927713882
0.14578313253011999
1.5132530120481924
2.234939759036145
1.0927710843373504
0.6036144578313234
-0.13855421686746894
-0.009638554216870432
0.8927710843373475
1.9530120481927717
0.2409638554216862
-0.007228915662651048
-0.6975903614457835
-0.08915662650602485
0.08915662650602485
0.8265060240963855
0.7855421686747022
-0.37228915662650763
-0.5192771084337373
-0.22289156626505857
1.343373493975907
2.6253012048192765
3.3987951807228924
0.5168674698795179
0.04457831325301598
0.8987951807228889
1.4289156626506028
0.8518072289156642
-3.5361445783132552
-2.3554216867469897
-0.9783132530120469
-1.097590361445782
-4.514457831325302
-3.64578313253012
-3.3987951807228924
-3.849397590361445
-2.824096385542166
-3.032530120481926
-1.8253012048192794
-1.1891566265060263
-1.8493975903614448
-2.8180722891566248
-2.9614457831325325
-1.7963855421686752
-3.220481927710839
-3.004819277108435
-2.516867469879518
-1.9048192771084338
-3.112048192771084
-3.485542168674698
-1.927710843373493
-0.8192771084337345
-0.8590361445783117
-1.4084337349397593
-2.9457831325301207
-3.6542168674698807
-5.290361445783134
-4.2156626506024075
-1.7650602409638587
-1.6204819277108413
-3.262650602409636
-2.927710843373493
-2.1843373493975875
-1.2108433734939794
-3.198795180722893
-4.396385542168677
-4.553012048192773
-3.691566265060242
-4.32289156626506
-2.5180722891566276
-2.559036144578311
-3.3855421686746965
-3.1301204819277118
-2.8433734939759
-1.8216867469879539
-3.6999999999999993
-3.0710843373493972
-4.8373493975903585
-4.057831325301205
-3.8349397590361427
-2.990361445783133
-2.1734939759036145
-1.3325301204819269
-3.3843373493975903
-2.871084337349398
-0.9084337349397593
0.10000000000000142
0.6397590361445786
0.4867469879518076
0.7216867469879524
1.4530120481927717
2.455421686746991
1.524096385542169
0.9638554216867483
-0.31445783132529925
-0.40120481927710827
0.22530120481927796
0.26265060240963933
0.17710843373494
-2.3734939759036138
-3.2867469879518083
-3.391566265060238
-3.1469879518072297
-3.514457831325302
-4.228915662650602
-4.025301204819277
-3.1566265060240966
-2.4783132530120504
-1.7746987951807256
-1.4843373493975918
-1.2783132530120476
-0.016867469879517927
-2.4795180722891565
-2.402409638554218
-2.6771084337349365
-3.4204819277108403
-3.5795180722891597
-2.702409638554215
-2.336144578313254
-2.1144578313253017
-3.5216867469879496
-2.9903614457831296
-1.3457831325301193
-3.185542168674699
-4.615662650602411
-0.17951807228915762
-1.0746987951807228
-0.16987951807228896
-0.0686746987951814
0.20602409638554064
-0.6289156626506021
-0.7373493975903589
-1.580722891566264
-2.9987951807228903
-1.2506024096385566
-2.3674698795180724
-2.865060240963855
-5.391566265060241
-5.616867469879519
-4.651807228915661
-3.759036144578314
-3.5626506024096383
-4.377108433734939
-4.890361445783133
-2.6084337349397586
-1.7698795180722904
-3.1012048192771076
0.11084337349397622
0.6240963855421686
1.4445783132530128
1.7602409638554217
1.0602409638554207
0.3819277108433745
2.756626506024096
1.3963855421686748
-0.4325301204819283
-0.716867469879519
1.9445783132530128
1.5313253012048182
1.1518072289156631
1.539759036144579
-1.1650602409638564
-2.353012048192771
-2.613253012048194
-3.8361445783132533
-1.6975903614457835
-2.337349397590361
0.8421686746987938
0.7554216867469883
-1.8132530120481931
-2.2084337349397583
-0.33855421686747
-1.2855421686746977
-1.5216867469879514
-0.814457831325301
-0.7168674698795181
-1.3542168674698791
1.1000000000000005
4.653012048192772
1.6662650602409643
1.8807228915662657
1.8734939759036147
1.9132530120481928
2.774698795180723
2.3409638554216867
-0.5
-2.1759036144578308
-4.3108433734939755
-2.7951807228915664
0.1469879518072288
2.6493975903614455
5.604819277108435
4.955421686746988
2.1120481927710846
2.2542168674698795
2.8457831325301206
1.5722891566265065
0.22771084337349423
-1.1855421686746987
0.4710843373493976
0.9698795180722892
1.3987951807228916
3.9626506024096386
4.989156626506024
3.9638554216867474
2.5373493975903614
2.06144578313253
-0.8313253012048192
-1.4987951807228912
-3.0734939759036144
-3.4216867469879517
-2.5481927710843375
-1.542168674698795
-0.3481927710843373
-1.4313253012048195
-1.8987951807228916
-1.8373493975903614
