-1.163855421686747
-1.6373493975903615
-0.9349397590361446
-0.8783132530120483
-3.308433734939759
-5.0
-2.3987951807228916
-5.324096385542169
-5.2385542168674695
-4.504819277108433
-0.12289156626506037
0.6361445783132531
-2.6506024096385543
-3.3108433734939755
-3.6096385542168674
-3.1674698795180722
-0.7168674698795181
-0.7566265060240963
-4.483132530120482
-6.656626506024097
-5.734939759036145
-5.926506024096385
-4.651807228915663
-3.249397590361446
-2.52289156626506
0.3204819277108433
-1.804819277108434
-3.4807228915662654
-2.9542168674698797
-3.2216867469879515
-0.5999999999999999
0.5795180722891566
-0.9891566265060241
-0.8602409638554216
-0.09277108433734949
-0.1216867469879519
0.403614457831325
-0.8253012048192769
0.2542168674698795
1.7698795180722895
5.689156626506024
1.6795180722891567
2.250602409638554
2.883132530120482
2.786746987951807
1.7337349397590365
1.8843373493975903
2.257831325301205
1.4578313253012043
1.7879518072289158
2.2819277108433735
2.2566265060240966
1.2951807228915664
1.8614457831325302
0.7108433734939759
0.6036144578313252
1.9397590361445785
2.579518072289156
2.024096385542169
1.4180722891566262
0.4602409638554219
-0.2313253012048193
0.49397590361445776
0.7168674698795181
1.7385542168674695
2.3590361445783135
3.7638554216867464
3.274698795180724
2.895180722891566
2.7457831325301214
2.6024096385542164
3.0060240963855422
4.265060240963856
4.101204819277108
3.69277108433735
3.8759036144578314
3.2301204819277114
2.91686746987952
-1.2373493975903607
-1.3192771084337345
-1.3156626506024098
-2.4951807228915674
-1.2373493975903616
-0.2554216867469865
0.3891566265060238
1.4939759036144586
0.77590361445783
-1.1084337349397586
0.7469879518072293
1.6228915662650607
1.7469879518072275
1.6072289156626507
1.83855421686747
2.3349397590361445
2.1927710843373482
2.4542168674698797
4.672289156626505
5.513253012048192
6.190361445783132
5.387951807228916
4.557831325301205
5.009638554216869
5.267469879518071
4.101204819277109
1.8096385542168676
1.0951807228915662
1.185542168674699
1.467469879518072
0.4590361445783131
2.136144578313253
0.9277108433734931
-0.42048192771084203
-0.9120481927710848
-0.5746987951807228
-0.13012048192770997
-0.9096385542168672
1.961445783132529
1.1180722891566255
-0.29036144578313205
1.2168674698795172
0.9590361445783131
-0.1349397590361452
0.66144578313253
1.9048192771084356
2.8722891566265076
2.903614457831324
2.5783132530120465
3.209638554216868
1.9036144578313259
-0.29397590361445936
-1.136144578313253
-2.0734939759036166
-0.7710843373493965
-0.19397590361445616
1.191566265060242
0.9698795180722897
-1.4253012048192772
-3.0542168674698793
-2.615662650602408
-2.6180722891566255
-3.3240963855421697
-5.433734939759038
-4.028915662650604
-2.610843373493978
-1.5192771084337355
-1.3240963855421697
-2.6927710843373482
-2.2313253012048193
-3.8698795180722882
-4.754216867469879
-2.886746987951808
-3.565060240963856
-4.107228915662649
-3.1963855421686755
-1.9385542168674696
-1.409638554216869
-1.3072289156626518
-0.6469879518072297
-0.7590361445783138
-1.7072289156626503
-2.497590361445784
-2.1891566265060227
-1.5108433734939766
-1.3734939759036138
-1.0144578313252985
-0.7722891566265062
-0.9192771084337359
-0.42289156626505786
0.043373493975906285
1.8253012048192758
2.5987951807228917
2.6168674698795193
0.9445783132530146
1.3987951807228889
2.9289156626506028
2.451807228915662
1.7638554216867455
-0.45542168674699113
-0.17831325301204615
-0.39759036144578275
-0.6144578313253
0.2542168674698786
0.6012048192771076
1.450602409638556
1.7759036144578317
-0.33253012048192687
-2.9253012048192772
-2.7891566265060277
-2.6493975903614455
-0.7180722891566269
-0.5614457831325304
-0.4963855421686745
-0.6204819277108413
-1.304819277108436
-2.3168674698795186
-3.304819277108436
-3.7120481927710856
-3.3855421686747
-3.5277108433734945
-3.619277108433735
-2.0590361445783145
-3.0084337349397607
-3.9457831325301207
-3.35421686746988
-2.6903614457831324
-2.7156626506024075
-1.5650602409638559
-1.0204819277108435
-1.662650602409638
-3.727710843373494
-4.984337349397588
-3.7108433734939794
-3.3987951807228924
-2.096385542168676
-1.5530120481927732
-1.3915662650602414
-0.82289156626506
0.7819277108433731
1.3409638554216876
1.514457831325302
2.2698795180722904
2.8566265060240994
2.7783132530120476
-0.3999999999999986
-1.6710843373493987
-1.7373493975903607
-1.9578313253012034
-2.1349397590361434
-3.990361445783133
-2.6734939759036145
-2.9325301204819283
-2.0843373493975896
-1.6710843373493987
-0.8084337349397615
0.0
-0.16024096385542208
-0.2132530120481917
-0.27831325301204757
1.5530120481927696
3.255421686746992
3.9240963855421676
4.363855421686747
5.285542168674699
4.798795180722895
3.725301204819278
2.7626506024096393
2.877108433734943
1.0265060240963848
-0.5867469879518055
0.70843373493976
0.7530120481927725
-1.2144578313253014
-1.4289156626506028
-1.225301204819278
-0.6566265060240966
0.42168674698794817
1.7253012048192744
2.9156626506024104
3.6216867469879546
4.58313253012048
5.120481927710841
4.6975903614457835
4.222891566265062
4.179518072289159
4.620481927710841
4.397590361445783
3.7638554216867455
3.985542168674698
4.078313253012052
4.00963855421687
4.35421686746988
4.614457831325302
3.8843373493975903
2.8204819277108424
1.6253012048192783
2.7301204819277114
2.9313253012048186
3.106024096385541
2.2710843373493983
0.1626506024096397
0.6192771084337352
-0.39879518072289066
0.14939759036144373
0.4325301204819265
1.0349397590361438
1.308433734939758
1.1831325301204796
0.24819277108433724
0.8409638554216858
0.9373493975903617
0.02289156626506106
-2.990361445783133
-3.4084337349397593
-3.6698795180722907
-3.3012048192771086
-1.6891566265060245
-1.475903614457831
1.0445783132530124
1.960240963855421
3.460240963855421
3.3819277108433745
2.1566265060240966
0.6963855421686755
-0.9325301204819283
-1.716867469879519
-2.055421686746987
-2.168674698795181
-0.4481927710843365
-1.76024096385542
-2.9650602409638562
-2.2530120481927716
-1.7132530120481935
0.3638554216867469
1.702409638554217
0.1626506024096388
1.4421686746987952
1.2554216867469883
1.186746987951806
1.8915662650602423
0.7614457831325296
-0.6855421686746981
-0.6216867469879519
-0.41445783132530156
-0.4168674698795183
-1.5542168674698793
-2.5
-0.6469879518072288
-0.1337349397590355
0.6807228915662655
1.5734939759036148
4.2132530120481935
4.774698795180723
3.240963855421687
4.4
3.524096385542169
2.8891566265060242
3.7048192771084336
4.64698795180723
4.849397590361446
5.2048192771084345
1.3554216867469875
-3.1879518072289157
-4.145783132530121
-1.9542168674698797
-0.3277108433734939
2.1277108433734937
4.614457831325302
3.2710843373493974
1.269879518072289
-1.3012048192771084
-4.537349397590361
-5.510843373493976
-4.436144578313253
-4.2626506024096384
-2.7385542168674695
-3.531325301204819
-2.1987951807228914
-3.0734939759036144
-4.921686746987952
-5.248192771084337
-3.242168674698795
-3.1481927710843376
-0.8313253012048194
0.20120481927710854
2.4626506024096386
