-0.563855421686747
-2.1373493975903615
0.46506024096385556
0.9216867469879517
-0.10843373493975905
0.20000000000000007
1.8012048192771086
0.8759036144578313
0.46144578313253026
1.5951807228915662
1.1771084337349398
-0.16385542168674694
-4.3506024096385545
-10.410843373493977
-8.909638554216867
-7.967469879518072
-6.916867469879518
-6.556626506024097
-6.283132530120482
-7.556626506024097
-8.134939759036145
-7.926506024096385
-9.151807228915663
-7.949397590361446
-8.22289156626506
-7.579518072289157
-4.7048192771084345
-8.180722891566266
-7.554216867469879
-9.121686746987951
-8.8
-8.720481927710843
-9.189156626506024
-6.960240963855421
-9.39277108433735
-10.221686746987952
-12.196385542168676
-11.225301204819276
-5.2457831325301205
-2.3301204819277106
-2.610843373493976
-3.5204819277108435
-2.7493975903614456
-5.816867469879519
-7.813253012048193
-7.266265060240963
-3.91566265060241
-4.8421686746987955
-4.642168674698795
-2.312048192771084
-3.0180722891566263
-1.9433734939759033
-3.604819277108434
-5.33855421686747
-5.389156626506024
-5.296385542168675
-5.5602409638554215
-5.120481927710843
-5.575903614457831
-7.381927710843374
-7.239759036144578
-6.431325301204819
-4.206024096385542
-2.283132530120482
-2.76144578313253
-2.1409638554216865
-1.0361445783132535
-0.02530120481927689
-0.20481927710843362
-2.754216867469879
-0.19759036144578435
-0.49397590361445776
-0.9349397590361432
-0.5987951807228917
-1.2072289156626494
-0.22409638554216826
-0.5698795180722884
0.11686746987951935
-1.4373493975903608
-0.6192771084337343
-1.3156626506024098
-1.3951807228915678
-3.637349397590361
-4.655421686746987
-3.8108433734939764
-1.6060240963855419
-0.024096385542168974
-1.3084337349397597
-2.453012048192771
-1.7771084337349397
-1.353012048192772
-2.2927710843373497
-1.66144578313253
-2.565060240963856
-3.007228915662651
-2.94578313253012
-2.627710843373496
-2.686746987951807
-0.909638554216869
-1.412048192771083
-0.14216867469879446
0.409638554216869
0.8674698795180724
0.701204819277109
0.1096385542168683
0.2951807228915655
1.2855421686746986
-0.9325301204819283
0.6590361445783124
2.436144578313254
1.6277108433734924
2.079518072289158
1.4879518072289155
1.3253012048192776
0.6698795180722907
1.9903614457831331
1.6614457831325282
1.0180722891566258
2.1096385542168665
2.216867469879517
0.9590361445783131
0.46506024096385445
-2.2385542168674704
-2.495180722891565
-2.6277108433734924
-1.4963855421686745
-0.8216867469879521
0.10963855421686652
0.9036144578313259
-0.09397590361445829
-1.636144578313253
-0.47349397590361697
-0.17108433734939688
-2.793975903614456
-4.408433734939759
-3.330120481927711
-0.42530120481927725
-0.054216867469879304
-1.6156626506024079
-3.3180722891566266
-3.1240963855421686
-2.133734939759039
-0.3289156626506049
-0.7108433734939794
-0.11927710843373518
0.17590361445783032
1.507228915662651
1.868674698795182
1.2301204819277132
-0.35421686746988
-1.086746987951809
-0.7650602409638552
-1.7072289156626503
-1.8963855421686766
-3.4385542168674696
-3.10963855421687
-3.4072289156626514
-3.646987951807228
-3.259036144578314
-2.8072289156626518
-2.8975903614457863
-1.7891566265060241
-1.3108433734939773
-2.1734939759036145
-3.1144578313253
-3.472289156626509
-2.2192771084337366
-1.3228915662650564
-0.9566265060240937
0.12530120481927653
-0.40120481927710827
1.3168674698795186
2.544578313253016
1.2987951807228875
-0.5710843373493972
-1.9481927710843365
-1.136144578313253
0.3445783132530096
0.4216867469879553
-0.09759036144578204
-1.514457831325302
-0.9457831325301207
-0.39879518072289244
-1.249397590361447
-0.9240963855421676
-2.332530120481927
-1.4253012048192772
-0.18915662650602627
0.1506024096385552
-2.018072289156624
-2.6614457831325318
-2.1963855421686773
-3.02048192771084
-3.6048192771084366
-1.9168674698795165
-1.1048192771084366
-0.21204819277108555
0.31445783132529925
-0.9277108433734931
-0.11927710843373518
1.040963855421687
1.29156626506024
1.35421686746988
0.8457831325301193
1.3096385542168676
1.4843373493975918
0.8349397590361427
-1.0204819277108435
-1.3626506024096372
-1.7277108433734938
-1.5843373493975896
-1.4108433734939787
-0.5987951807228917
-0.19638554216867377
0.7469879518072275
-1.4915662650602393
-1.5228915662650593
-1.0180722891566276
-2.7590361445783103
-2.2855421686746986
-1.9301204819277125
-2.4433734939759013
-1.9216867469879553
-1.8000000000000007
-1.2710843373493965
-0.8373493975903585
-2.1578313253012027
-3.2349397590361413
-3.8903614457831317
-4.273493975903616
-5.432530120481928
-5.2843373493975925
-4.971084337349396
-5.20843373493976
-4.0
-2.160240963855422
-0.913253012048191
-0.17831325301204615
0.05301204819276961
-3.044578313253009
-4.67590361445783
-3.8361445783132524
-2.8144578313252993
-2.501204819277106
-1.4746987951807213
-0.7373493975903607
-0.7228915662650586
-0.3734939759036138
-3.186746987951807
-4.39156626506024
-3.6469879518072297
-2.814457831325303
-2.4289156626506028
-2.1253012048192765
-1.256626506024098
-1.4783132530120504
0.2253012048192744
0.41566265060241037
1.4216867469879553
1.483132530120482
1.1204819277108413
0.597590361445782
0.32289156626506355
0.9795180722891601
1.3204819277108406
1.3975903614457827
0.5638554216867462
0.38554216867470004
-1.0216867469879496
-0.6903614457831306
0.15421686746988073
-1.8855421686746983
-1.6156626506024114
-1.079518072289158
-0.8746987951807217
-0.5698795180722893
1.4313253012048186
0.7060240963855406
-1.3289156626506013
-2.1373493975903592
-1.3807228915662648
-2.3987951807228907
-2.450602409638556
-1.467469879518072
-1.2650602409638552
-0.7915662650602417
-0.016867469879519703
-1.1518072289156613
-1.2590361445783138
-2.0626506024096383
-1.5771084337349404
-0.3903614457831335
-0.8084337349397597
-0.5698795180722893
0.09879518072289173
0.6108433734939762
1.1240963855421686
0.5445783132530124
-0.539759036144579
-2.23975903614458
-0.8180722891566266
-3.1433734939759033
-3.103614457831325
-2.3325301204819286
-0.016867469879517927
0.8445783132530131
1.631325301204818
3.0518072289156635
3.73975903614458
3.934939759036144
2.346987951807229
0.4867469879518058
1.4638554216867465
2.6024096385542155
3.9626506024096395
4.042168674698795
0.555421686746989
1.186746987951806
1.5915662650602416
3.86144578313253
2.314457831325302
0.07831325301204828
1.2855421686746986
2.5831325301204817
2.4457831325301207
-1.4
-0.846987951807229
-0.23373493975903603
2.080722891566266
4.073493975903615
2.113253012048193
2.6746987951807233
2.540963855421687
2.5999999999999996
2.324096385542169
2.989156626506024
3.7048192771084336
3.9469879518072286
2.549397590361446
3.6048192771084335
1.3554216867469875
-0.6879518072289157
-2.145783132530121
-2.5542168674698797
-0.7277108433734938
-0.772289156626506
-2.985542168674699
-4.028915662650602
-6.630120481927711
-6.201204819277108
-7.7373493975903616
-8.910843373493975
-8.636144578313253
-5.562650602409638
-3.0385542168674697
-3.1313253012048192
-4.198795180722891
-5.873493975903614
-4.021686746987951
-6.248192771084337
-3.942168674698795
-5.148192771084338
-6.03132530120482
-4.598795180722892
-4.037349397590361
