-2.7638554216867472
-3.2373493975903616
-2.8349397590361445
-3.5783132530120483
-5.508433734939759
-6.0
-4.998795180722892
-4.024096385542169
-4.23855421686747
-3.504819277108434
-1.1228915662650605
-0.263855421686747
-0.45060240963855425
-0.7108433734939759
-3.2096385542168675
-0.2674698795180721
-1.616867469879518
-4.356626506024097
-4.583132530120482
-5.256626506024097
-5.234939759036145
-4.426506024096385
-2.951807228915663
-3.749397590361446
-3.3228915662650604
-2.279518072289157
-2.104819277108434
-2.080722891566265
-1.4542168674698794
-0.8216867469879516
-0.5999999999999999
-0.5204819277108435
1.210843373493976
1.8397590361445784
1.4072289156626505
0.278313253012048
-0.29638554216867474
-2.025301204819277
-2.9457831325301203
-2.2301204819277105
-0.5108433734939761
-0.1204819277108431
-1.6493975903614457
-0.5168674698795179
-0.5132530120481928
0.13373493975903594
1.2843373493975898
0.9578313253012043
1.1578313253012045
0.587951807228916
0.6819277108433739
-0.5433734939759032
-3.7048192771084336
-3.93855421686747
-3.189156626506024
-1.7963855421686752
0.9397590361445785
1.6795180722891567
2.324096385542169
1.6180722891566264
2.2602409638554217
0.7686746987951807
0.2939759036144576
-2.283132530120482
-5.46144578313253
-7.940963855421686
-9.336144578313254
-5.725301204819276
-5.204819277108433
-4.254216867469879
-2.597590361445784
-0.9939759036144578
-1.5349397590361438
0.0012048192771079158
-1.1072289156626498
-3.1240963855421686
-4.669879518072289
-4.283132530120481
-2.0373493975903614
-1.4192771084337341
-1.01566265060241
0.8048192771084324
0.362650602409639
0.5445783132530124
0.28915662650602414
-0.9060240963855417
-1.9240963855421693
-0.6084337349397586
-1.0530120481927714
-0.17710843373494
0.34698795180722897
-0.49277108433734895
0.6385542168674707
-1.0650602409638559
-0.20722891566265034
-1.8457831325301193
-1.4277108433734949
-0.9867469879518076
-1.709638554216868
-0.41204819277108307
1.5578313253012048
1.8096385542168676
1.967469879518072
1.201204819277109
0.6096385542168683
1.4951807228915666
2.5855421686746993
3.1674698795180714
1.7590361445783138
-0.6638554216867458
-0.772289156626508
-1.8204819277108424
-0.41204819277108484
0.02530120481927689
0.2698795180722904
0.1903614457831324
-0.7385542168674704
0.5180722891566258
1.9096385542168672
1.8168674698795169
0.15903614457831416
-0.23493975903614484
0.3614457831325293
2.004819277108435
2.8722891566265076
1.2036144578313248
1.7783132530120493
2.4096385542168672
2.5036144578313273
1.5060240963855414
1.8638554216867451
2.026506024096383
3.4289156626506045
3.306024096385542
1.691566265060242
0.5698795180722911
-0.42530120481927725
0.5457831325301186
2.3843373493975903
2.6819277108433752
0.5759036144578324
-0.433734939759038
0.1710843373493951
0.18915662650602272
-1.3192771084337345
-1.824096385542168
-2.0927710843373486
-2.03132530120482
-0.16987951807228896
0.9457831325301207
1.8132530120481931
1.4349397590361441
0.29277108433734966
-0.2963855421686752
0.36144578313253106
1.9903614457831296
2.7927710843373497
3.2530120481927725
3.040963855421687
0.09277108433735037
0.4024096385542144
1.5108433734939766
2.889156626506022
3.8265060240963855
3.8855421686747
0.6277108433734924
0.8807228915662648
1.3771084337349428
1.343373493975907
-0.37469879518072347
-0.7012048192771054
-1.3831325301204807
-1.0554216867469854
-0.3012048192771104
-0.7710843373494001
-1.548192771084338
-1.3361445783132524
-1.3554216867469897
0.4216867469879553
1.402409638554218
0.08554216867469933
-1.3457831325301228
-1.298795180722891
-1.3493975903614448
-2.2240963855421683
-2.632530120481924
-2.0253012048192787
-2.3891566265060256
-2.249397590361447
-0.8180722891566248
-2.761445783132533
-3.3963855421686766
-3.3204819277108406
-1.5048192771084352
-0.31686746987951864
1.2951807228915655
2.087951807228915
3.514457831325302
3.572289156626507
2.6807228915662655
1.9409638554216855
1.5915662650602407
1.2542168674698786
-0.054216867469879304
-0.9903614457831331
0.08433734939759319
0.23493975903614128
0.27951807228915726
-1.7626506024096358
-0.7277108433734938
0.5156626506024118
0.48915662650602343
1.4012048192771083
2.403614457831324
-0.25301204819277245
-0.8915662650602414
-0.6228915662650607
0.5819277108433738
0.44096385542168903
0.21445783132530138
-2.6301204819277118
-2.4433734939759013
-2.1216867469879546
-4.399999999999999
-4.671084337349399
-2.3373493975903585
-3.9578313253012034
-2.434939759036144
-0.8903614457831317
-1.9734939759036152
-2.732530120481929
-3.3843373493975903
-3.6710843373493987
-3.6084337349397586
-2.8000000000000007
-1.160240963855422
-2.1132530120481903
-1.2783132530120476
0.653012048192771
1.555421686746989
2.124096385542167
-0.3361445783132524
-1.6144578313253
-2.6012048192771076
-3.3746987951807235
-3.2373493975903607
-1.7228915662650586
-0.6734939759036145
-0.7867469879518083
-0.5915662650602407
-1.2469879518072275
-0.21445783132530138
0.7710843373493965
0.37469879518072347
1.1433734939759042
1.8216867469879503
1.8253012048192758
2.315662650602409
2.321686746987954
2.3831325301204807
0.920481927710842
-0.6024096385542173
-0.37710843373493574
-1.4204819277108403
-2.6795180722891594
-3.702409638554215
-2.7361445783132545
-1.314457831325301
-0.42168674698794817
0.009638554216870432
0.6542168674698807
1.814457831325301
0.2843373493975889
1.220481927710841
1.025301204819277
1.7301204819277114
-0.2686746987951807
-0.29397590361445936
0.9710843373493976
0.2626506024096411
-0.6807228915662655
-0.4987951807228903
-1.1506024096385552
-0.3674698795180724
-1.3650602409638548
-2.0915662650602425
-2.1168674698795193
-3.7518072289156628
-4.0590361445783145
-2.862650602409639
-2.2771084337349397
-1.0903614457831328
-3.008433734939759
-2.6698795180722907
-2.501204819277108
-2.589156626506023
-2.2759036144578317
-3.055421686746987
-2.7397590361445783
-1.3397590361445797
0.3819277108433745
0.9566265060240973
-0.2036144578313248
0.16746987951807135
-0.5168674698795179
-1.7554216867469865
-2.368674698795181
-1.1481927710843376
-1.0602409638554207
-2.6650602409638564
-2.153012048192771
-1.2132530120481935
-1.4361445783132538
-0.49759036144578417
0.9626506024096395
-0.057831325301205716
-0.7445783132530117
0.7867469879518074
0.09156626506024157
-0.13855421686746983
1.314457831325302
4.578313253012048
3.8855421686746983
2.1831325301204814
1.2457831325301205
1.9000000000000004
0.45301204819277086
0.46626506024096415
1.1807228915662655
1.5734939759036148
2.4132530120481928
2.3746987951807235
3.8409638554216867
0.5999999999999996
-1.475903614457831
-1.5108433734939761
-3.7951807228915664
-1.4530120481927709
-4.250602409638554
-3.7951807228915664
-1.3445783132530122
-1.7879518072289156
-1.0457831325301208
-0.45421686746987966
-0.2277108433734938
-0.17228915662650612
-0.6855421686746987
1.9710843373493976
3.469879518072289
3.8987951807228916
5.2626506024096384
6.089156626506024
5.863855421686747
5.037349397590361
4.06144578313253
4.068674698795181
2.801204819277109
0.5265060240963857
0.6783132530120484
0.7518072289156623
-0.7421686746987951
-1.9481927710843374
-5.53132530120482
-7.998795180722891
-5.7373493975903616
