-0.463855421686747
-0.5373493975903614
-1.0349397590361444
-0.5783132530120483
-1.508433734939759
-2.6
-3.1987951807228914
-2.824096385542169
-1.9385542168674699
-1.3048192771084337
-2.3228915662650604
-2.963855421686747
-3.0506024096385542
-4.710843373493976
-4.709638554216868
-5.167469879518071
-5.216867469879518
-4.156626506024097
-4.583132530120482
-4.456626506024096
-2.8349397590361445
-2.5265060240963857
-2.1518072289156627
-3.6493975903614455
-2.52289156626506
0.6204819277108433
-0.5048192771084339
-1.5807228915662652
-1.2542168674698795
0.7783132530120482
0.5
0.5795180722891566
0.610843373493976
1.4397590361445785
1.0072289156626506
1.8783132530120485
2.103614457831325
4.3746987951807235
1.75421686746988
2.5698795180722893
2.389156626506024
4.4795180722891565
4.750602409638554
4.183132530120481
3.986746987951807
1.9337349397590358
1.7843373493975898
2.8578313253012047
1.6578313253012045
2.287951807228916
3.381927710843374
4.756626506024096
4.7951807228915655
3.96144578313253
3.3108433734939764
2.5036144578313246
4.139759036144578
4.4795180722891565
3.9240963855421693
5.018072289156627
2.960240963855421
0.16867469879518104
-1.1060240963855419
0.8168674698795186
1.83855421686747
1.6590361445783133
1.2638554216867464
1.3746987951807235
2.395180722891566
2.0457831325301203
1.5024096385542167
-0.9939759036144578
-1.4349397590361432
-3.298795180722892
-1.5072289156626493
-2.1240963855421686
-1.4698795180722888
-0.08313253012047994
-1.8373493975903612
-1.9192771084337341
-1.2156626506024093
-0.29518072289156727
0.362650602409639
-2.7554216867469865
-4.310843373493976
-4.006024096385542
-0.22409638554217004
-0.8084337349397597
-2.453012048192771
-3.7771084337349397
-2.4530120481927717
-0.3927710843373493
-0.26144578313252964
-0.06506024096385588
0.6927710843373482
1.1542168674698807
0.4722891566265055
0.9132530120481928
1.090361445783131
1.587951807228917
-0.2421686746987941
0.5096385542168687
0.06746987951807171
1.1012048192771093
0.5096385542168687
-1.0048192771084334
0.38554216867470004
0.8674698795180706
0.8590361445783135
0.4361445783132538
0.32771084337349166
-0.5204819277108417
-1.4120481927710848
-0.774698795180722
-1.13012048192771
-0.9096385542168672
0.7614457831325296
3.0180722891566276
5.309638554216866
4.4168674698795165
2.959036144578315
3.1650602409638537
3.16144578313253
3.2048192771084363
2.072289156626507
1.603614457831327
-2.4216867469879517
-1.9903614457831331
-4.096385542168674
-4.293975903614459
-3.136144578313253
-2.0734939759036166
-0.37108433734939616
0.8060240963855421
2.3915662650602414
2.569879518072291
1.8746987951807235
0.9457831325301207
-0.11566265060240966
0.7819277108433731
2.2759036144578317
2.7662650602409613
1.9710843373493958
0.5891566265060213
-0.6192771084337352
-0.7240963855421683
-0.09277108433734682
-1.131325301204818
-2.469879518072288
-2.7542168674698786
-2.886746987951808
-1.6650602409638573
-1.3072289156626482
0.5036144578313255
1.6614457831325318
1.090361445783131
1.6927710843373482
3.153012048192771
2.4409638554216855
1.5927710843373504
2.002409638554216
2.910843373493975
3.1891566265060227
3.726506024096384
2.285542168674702
0.9277108433734931
2.080722891566264
4.277108433734941
3.143373493975904
-0.8746987951807235
-4.301204819277107
-2.783132530120483
-1.0554216867469854
0.9987951807228903
-0.47108433734939936
-0.4481927710843365
-0.23614457831325453
0.7445783132530082
1.3216867469879539
0.30240963855421654
0.1855421686746972
-0.04578313253012212
0.6012048192771076
1.5506024096385538
1.5759036144578324
1.0674698795180753
-1.1253012048192765
-1.8891566265060256
-1.249397590361447
-1.4180722891566262
-0.6614457831325318
-0.9963855421686745
-0.42048192771084203
0.9951807228915648
1.3831325301204807
-2.304819277108436
-3.612048192771084
-4.8855421686747
-7.227710843373494
-6.919277108433734
-6.759036144578314
-5.70843373493976
-3.7457831325301214
-2.754216867469882
-1.3903614457831317
-1.2156626506024075
-2.1650602409638573
-4.0204819277108435
-4.0626506024096365
-4.427710843373493
-3.484337349397588
-2.8108433734939773
-3.8987951807228924
-3.6963855421686738
-1.653012048192771
-1.3915662650602414
-1.4228915662650614
-2.918072289156626
-3.059036144578311
-3.185542168674697
-2.9301204819277125
-2.243373493975902
-0.7216867469879524
1.1000000000000014
2.0289156626506006
2.8626506024096408
1.142168674698798
-4.534939759036142
-5.990361445783133
-4.473493975903615
-4.232530120481929
-3.0843373493975896
-1.871084337349398
-2.5084337349397607
-2.1999999999999993
-2.960240963855423
-5.11325301204819
-5.878313253012047
-5.54698795180723
-3.1445783132530103
-3.475903614457831
-4.236144578313251
-3.5144578313252985
-2.2012048192771054
-1.1746987951807206
-0.6373493975903592
0.17710843373494
-0.07349397590361306
-0.3867469879518062
0.8084337349397615
1.8530120481927703
2.7855421686746986
2.371084337349398
2.474698795180725
1.9433734939759049
1.9216867469879482
0.9253012048192737
0.6156626506024097
-3.5783132530120465
-4.01686746987952
-1.079518072289158
-0.7024096385542187
-0.8771084337349357
-1.52048192771084
-0.8795180722891587
0.19759036144578346
-0.3361445783132524
0.4855421686746979
0.2783132530120511
1.7096385542168697
2.054216867469883
0.7144578313253032
-0.015662650602411787
-0.3795180722891569
0.425301204819279
1.4301204819277107
2.8313253012048207
3.3060240963855403
3.071084337349399
3.4626506024096404
2.919277108433736
3.9012048192771083
3.549397590361444
3.2325301204819272
2.3349397590361445
1.808433734939758
2.4831325301204803
3.3481927710843387
3.240963855421686
1.4373493975903617
0.82289156626506
1.5096385542168669
0.8915662650602414
0.8301204819277093
-0.5012048192771079
0.010843373493976571
2.6240963855421686
2.644578313253014
2.0602409638554207
1.460240963855421
-0.11807228915662549
-1.943373493975903
-2.0036144578313255
-2.532530120481929
-4.516867469879518
-4.2554216867469865
-2.2686746987951816
-2.048192771084337
-2.26024096385542
1.0349397590361438
1.4469879518072286
-0.3132530120481931
-0.9361445783132538
0.5024096385542158
0.26265060240963845
-1.3578313253012055
-3.444578313253012
-3.313253012048193
-2.6084337349397586
-3.53855421686747
-3.3855421686746983
-2.2216867469879515
-2.4144578313253016
-3.5168674698795184
-4.454216867469879
-4.0
-1.5469879518072287
-1.0337349397590359
-1.9192771084337341
-4.726506024096385
-4.886746987951807
-4.725301204819277
-2.859036144578313
-3.7
-2.6759036144578308
-0.5108433734939761
0.004819277108433884
-2.653012048192771
-2.2506024096385544
-2.6951807228915663
-4.344578313253012
-2.9879518072289155
-2.645783132530121
-2.5542168674698797
-1.6277108433734937
-1.3722891566265059
-1.9855421686746988
-1.7289156626506026
-1.0301204819277108
-2.2012048192771085
-2.0373493975903614
-0.7108433734939759
2.2638554216867472
1.2373493975903616
1.26144578313253
-2.2313253012048193
-2.798795180722891
-2.2734939759036146
-1.4216867469879517
-1.8481927710843375
-1.842168674698795
-0.9481927710843373
-2.4313253012048195
-1.3987951807228916
-1.3373493975903614
