-3.663855421686747
-5.2373493975903616
-4.434939759036144
-5.178313253012048
-3.308433734939759
-1.2
-0.2987951807228916
0.47590361445783136
-3.23855421686747
-2.8048192771084337
-6.02289156626506
-7.163855421686748
-7.050602409638554
-5.910843373493976
-2.7096385542168675
-0.4674698795180722
-1.0168674698795181
1.7433734939759036
1.016867469879518
-0.05662650602409647
-0.9349397590361446
-0.12650602409638556
0.6481927710843374
-0.14939759036144573
0.9771084337349398
1.5204819277108432
2.795180722891566
0.5192771084337346
0.24578313253012052
-0.22168674698795177
-0.5999999999999999
-0.12048192771084354
0.7108433734939761
-0.2602409638554217
0.20722891566265078
0.3783132530120481
1.1036144578313252
2.174698795180723
1.6542168674698794
1.669879518072289
1.3891566265060238
0.8795180722891569
2.0506024096385547
1.283132530120482
3.5867469879518077
3.333734939759036
2.3843373493975903
0.15783132530120447
-2.1421686746987953
-2.412048192771084
-0.11807228915662593
0.15662650602409656
0.9951807228915666
2.16144578313253
2.8108433734939764
3.603614457831325
1.4397590361445785
0.27951807228915637
-0.8759036144578309
-1.9819277108433737
-2.039759036144578
-3.031325301204819
-2.5060240963855422
-1.5831325301204817
-0.3614457831325302
-0.44096385542168637
-1.136144578313254
-0.8253012048192767
-0.6048192771084331
0.9457831325301207
-1.0975903614457838
-3.593975903614458
-1.734939759036144
-2.8987951807228916
-1.5072289156626493
-2.024096385542168
-0.4698795180722888
-0.38313253012048065
-0.8373493975903612
-0.21927710843373482
0.684337349397591
-0.19518072289156763
0.362650602409639
0.8445783132530131
2.9891566265060234
3.8939759036144572
3.8759036144578314
3.491566265060241
3.2469879518072293
2.6228915662650607
2.646987951807228
1.8072289156626518
0.6385542168674707
-1.1650602409638555
-1.4072289156626514
0.45421686746987966
0.4722891566265055
-1.1867469879518069
-2.209638554216868
-2.0120481927710827
-2.1421686746987945
-2.4903614457831313
-3.8325301204819278
-1.9987951807228903
-1.4903614457831313
0.19518072289156585
1.8855421686747
3.467469879518072
4.159036144578312
4.7361445783132545
4.627710843373492
4.779518072289159
5.587951807228915
3.8253012048192776
0.9698795180722897
0.29036144578313383
0.46144578313252893
-0.3819277108433745
-0.5903614457831328
-2.183132530120483
-1.4409638554216873
-1.434939759036146
0.26144578313252964
0.10481927710843486
1.572289156626507
0.8036144578313262
-2.4216867469879517
-4.3903614457831335
-2.096385542168674
-0.49397590361445864
0.26385542168674725
-1.473493975903617
-2.971084337349396
-1.1939759036144562
-0.008433734939758963
0.8698795180722882
1.1746987951807206
-4.054216867469879
-5.415662650602409
-5.6180722891566255
-5.32409638554217
-4.333734939759038
-3.628915662650604
-2.2108433734939776
-1.2192771084337366
-1.1240963855421668
-0.5927710843373468
-0.1313253012048179
0.23012048192771317
0.04578313253012212
0.11325301204819027
-3.9650602409638562
-4.107228915662649
-2.1963855421686773
-1.2385542168674704
0.49036144578312957
-0.007228915662651048
-0.846987951807229
-0.6590361445783159
-0.30722891566265176
-2.3975903614457863
-5.1891566265060245
-5.510843373493977
-6.073493975903615
-3.714457831325298
-3.572289156626507
-3.5192771084337373
-3.0228915662650593
-1.9566265060240937
-1.8746987951807235
-2.501204819277106
-1.6831325301204814
-3.2554216867469847
-3.3012048192771104
-2.1710843373493987
-1.8481927710843387
-0.3361445783132524
0.1445783132530103
1.0216867469879531
2.1024096385542173
2.985542168674698
3.954216867469878
2.6012048192771076
1.250602409638553
-0.22409638554216826
0.36746987951807597
-0.725301204819278
-0.5891566265060248
1.1506024096385552
2.581927710843374
3.3385542168674682
2.8036144578313227
0.3795180722891587
-0.9048192771084338
-2.6168674698795193
-2.304819277108436
-4.512048192771086
-6.8855421686747
-4.5277108433734945
-3.5192771084337338
-4.259036144578314
-3.3084337349397615
-4.845783132530119
-5.654216867469881
-5.990361445783133
-5.415662650602407
-3.6650602409638573
-4.5204819277108435
-5.0626506024096365
-4.727710843373494
-3.6843373493975875
-2.3108433734939773
-1.7987951807228946
-2.9963855421686745
-3.653012048192771
-2.0915662650602407
-2.222891566265062
-2.5180722891566276
-3.7590361445783103
-4.585542168674699
-4.03012048192771
-4.543373493975903
-4.121686746987955
-3.0
-4.371084337349398
-4.8373493975903585
-2.757831325301204
-3.1349397590361434
-3.990361445783133
-4.273493975903616
-5.132530120481928
-4.984337349397592
-3.6710843373493987
-2.20843373493976
-3.6999999999999993
-3.960240963855423
-2.2132530120481917
-1.5783132530120483
-1.846987951807229
-2.444578313253011
-1.8759036144578332
-2.736144578313251
-2.6144578313253
-1.8012048192771068
-1.774698795180722
-1.337349397590362
-3.122891566265057
-3.1734939759036145
-2.9867469879518076
-1.8915662650602378
-0.7469879518072275
-0.9144578313253007
-0.7289156626506035
-2.6253012048192765
-2.4566265060240973
-1.7783132530120511
-1.8746987951807235
-1.184337349397591
-0.8783132530120454
-2.216867469879519
-2.4795180722891565
-2.202409638554217
-2.277108433734938
-1.4204819277108403
0.920481927710842
-1.4024096385542162
0.06385542168674618
-1.7144578313253014
-2.3216867469879503
-1.4903614457831296
-0.3457831325301193
0.014457831325302095
-0.5156626506024118
-1.379518072289157
-0.3746987951807217
-0.2698795180722886
0.53132530120482
0.4060240963855417
1.3710843373493997
1.6626506024096397
1.3192771084337345
1.701204819277109
0.5493975903614441
1.6325301204819276
1.8349397590361445
1.808433734939758
2.58313253012048
4.148192771084339
1.4409638554216855
-0.06265060240963827
-0.5771084337349404
0.6096385542168665
0.29156626506023997
-1.36987951807229
-2.501204819277108
-2.6891566265060245
-2.3759036144578314
-1.1554216867469869
-0.039759036144578985
0.06024096385542066
-0.31807228915662655
-0.04337349397590273
0.8963855421686748
2.8674698795180706
3.283132530120481
4.944578313253013
4.731325301204819
1.8518072289156624
1.039759036144579
1.734939759036143
0.846987951807229
0.7867469879518065
1.9638554216867465
0.30240963855421654
1.6626506024096388
1.742168674698794
0.4554216867469876
-0.7132530120481935
-2.6084337349397586
-5.73855421686747
-4.0855421686746975
-3.621686746987952
-5.314457831325301
-5.216867469879518
-4.254216867469879
-4.5
-3.646987951807229
-1.0337349397590359
-0.21927710843373394
-0.726506024096385
-0.08674698795180724
0.4746987951807231
-1.259036144578313
-0.7000000000000002
-0.475903614457831
-1.410843373493976
-0.6951807228915663
-2.153012048192771
-2.6506024096385543
-1.1951807228915663
0.4554216867469876
2.1120481927710846
3.4542168674698788
1.74578313253012
-0.02771084337349361
-2.072289156626506
-2.8855421686746987
-2.3289156626506027
-2.130120481927711
-1.5012048192771084
-0.6373493975903615
-1.8108433734939757
-3.436144578313253
-4.662650602409638
-5.93855421686747
-3.031325301204819
-1.8987951807228913
-0.7734939759036144
-0.9216867469879517
-0.44819277108433764
-2.742168674698795
-4.748192771084337
-4.83132530120482
-4.498795180722892
-4.2373493975903616
