-4.363855421686747
-2.837349397590361
-1.4349397590361446
-2.6783132530120484
-2.008433734939759
-1.7000000000000002
-1.0987951807228915
0.37590361445783127
-3.23855421686747
-4.904819277108434
-4.22289156626506
-2.1638554216867467
-1.0506024096385542
0.889156626506024
-1.7096385542168675
-1.6674698795180722
-3.6168674698795185
-3.4566265060240964
-3.883132530120482
-2.1566265060240966
-3.0349397590361447
-1.1265060240963856
-1.4518072289156627
-0.14939759036144573
-0.4228915662650603
-0.6795180722891567
-0.8048192771084339
-0.08072289156626522
1.5457831325301203
0.3783132530120483
-0.19999999999999996
-0.42048192771084336
0.3108433734939757
0.6397590361445782
-0.9927710843373494
-0.7216867469879518
-2.2963855421686747
-3.025301204819277
-1.0457831325301203
-3.0301204819277108
-4.110843373493976
-4.820481927710843
-4.1493975903614455
-3.716867469879518
-3.2132530120481926
-2.4662650602409637
-4.01566265060241
-8.842168674698796
-8.342168674698796
-3.6120481927710837
-2.318072289156626
-3.6433734939759033
-4.704819277108434
-1.83855421686747
-1.2891566265060241
-1.696385542168675
-1.0602409638554215
-1.1204819277108435
-0.27590361445783085
-0.48192771084337327
0.36024096385542137
0.0686746987951814
0.7939759036144576
-0.6831325301204814
-1.0614457831325304
-1.3409638554216867
-0.9361445783132538
-0.6253012048192765
-0.30481927710843326
1.2457831325301214
0.4024096385542162
1.7060240963855415
1.265060240963856
1.1012048192771076
1.69277108433735
1.2759036144578317
1.330120481927711
1.91686746987952
0.7626506024096393
-0.4192771084337341
-3.51566265060241
-4.595180722891568
-3.9373493975903617
-2.9554216867469867
-3.110843373493976
-2.9060240963855417
-3.024096385542169
-4.108433734939759
-4.453012048192771
-2.7771084337349397
-2.2530120481927725
-1.3927710843373493
-3.7614457831325296
-2.9650602409638562
-3.7072289156626512
-2.5457831325301203
-0.8277108433734952
-0.7867469879518065
0.8903614457831317
1.4879518072289173
2.3578313253012055
1.8096385542168676
-0.03253012048192794
-3.298795180722891
-2.8903614457831317
-0.2048192771084345
-2.1144578313253
-3.8325301204819286
-5.540963855421687
-7.163855421686746
-5.6722891566265075
-5.220481927710843
-2.5120481927710845
-1.3746987951807217
0.6698795180722907
2.0903614457831328
1.961445783132529
1.4180722891566262
1.9096385542168672
2.316867469879517
1.459036144578313
1.1650602409638537
1.0614457831325286
0.9048192771084356
1.972289156626509
0.003614457831325524
-0.5216867469879514
-1.4903614457831331
-2.2963855421686734
0.006024096385541355
1.4638554216867465
3.3265060240963837
3.828915662650603
4.4060240963855435
3.29156626506024
2.3698795180722882
1.6746987951807206
-0.35421686746988
-0.5156626506024082
-2.418072289156626
-1.3240963855421697
-0.933734939759038
0.2710843373493965
1.389156626506022
-1.5192771084337355
-1.7240963855421683
-1.5927710843373468
-0.33132530120482073
0.43012048192771246
-0.4542168674698779
-1.4867469879518076
-1.9650602409638545
-1.9072289156626496
-2.596385542168676
-3.7385542168674686
-8.30963855421687
-7.907228915662651
-4.546987951807228
-2.659036144578316
-0.8072289156626518
0.6024096385542137
-0.28915662650602414
-1.610843373493978
-1.3734939759036138
-1.0144578313252985
-0.17228915662650834
-0.31927710843373447
0.17710843373494356
-0.4566265060240937
-2.5746987951807228
-2.9012048192771083
-2.783132530120483
-1.8554216867469862
-2.2012048192771125
-3.1710843373493987
-4.048192771084338
-2.5361445783132552
-1.9554216867469911
-2.978313253012047
-3.3975903614457827
-2.1144578313253
-3.4457831325301207
-3.698795180722893
-2.749397590361447
-1.0240963855421654
0.16746987951807313
-0.025301204819278666
-1.5891566265060248
-3.849397590361445
-6.418072289156626
-5.9614457831325325
-3.8963855421686766
-2.1204819277108413
-2.404819277108434
-1.1168674698795193
-0.5048192771084352
-0.6120481927710841
0.8144578313252993
2.572289156626507
2.580722891566264
2.8409638554216876
1.5915662650602407
0.5542168674698793
1.3457831325301193
1.9096385542168655
2.184337349397591
1.9349397590361441
1.6795180722891558
2.0373493975903614
1.9722891566265055
-1.784337349397589
-1.9108433734939787
-0.6987951807228932
-0.0963855421686759
-0.45301204819277174
0.9084337349397593
1.9771084337349407
2.1819277108433717
2.7409638554216897
2.814457831325303
-0.7301204819277096
0.05662650602409869
-0.021686746987953143
-0.8000000000000007
0.5289156626506006
1.6626506024096415
-0.05783132530120483
-0.23493975903614128
-0.29036144578313383
0.3265060240963855
-0.5325301204819262
-0.684337349397591
-0.6710843373493987
-2.3084337349397615
-3.1999999999999993
-6.160240963855422
-4.913253012048191
-4.278313253012048
-4.14698795180723
-4.84457831325301
-4.775903614457832
-4.336144578313252
-3.8144578313252993
-1.7012048192771054
-0.27469879518072204
0.4626506024096386
-0.12289156626505715
-0.07349397590361306
-1.6867469879518069
-1.4915662650602393
-1.1469879518072297
-1.8144578313253028
-1.628915662650602
-0.9253012048192772
-1.256626506024098
-0.5783132530120518
-0.8746987951807235
-1.284337349397589
-1.6783132530120461
-0.6168674698795193
-1.879518072289157
-2.5024096385542176
-2.077108433734937
-0.7204819277108392
0.12048192771084132
-0.0024096385542158316
-0.1361445783132531
0.2855421686746986
-0.22168674698794888
0.5096385542168704
0.6542168674698807
1.2144578313253032
1.1843373493975875
1.220481927710841
-0.3746987951807217
-0.2698795180722886
-0.0686746987951814
0.20602409638554064
-0.12891566265060206
-0.2373493975903589
0.5192771084337355
0.40120481927710827
-0.7506024096385566
-0.5674698795180735
-0.9650602409638562
-0.991566265060241
-0.3168674698795204
-0.15180722891566134
0.6409638554216865
1.137349397590361
2.022891566265061
0.40963855421686723
0.29156626506023997
0.33012048192770926
1.0987951807228917
1.7108433734939759
1.7240963855421683
1.3445783132530131
-0.23975903614457827
-0.039759036144578985
0.0819277108433738
-0.2433734939759038
0.4963855421686745
0.9674698795180721
-0.6168674698795176
-0.2554216867469865
0.33132530120481896
0.25180722891566276
1.1397590361445804
-1.1650602409638564
-2.9530120481927717
-2.0132530120481933
-1.9361445783132538
-0.19759036144578346
-0.03734939759036138
2.942168674698795
4.855421686746988
4.686746987951806
1.8915662650602423
0.9614457831325298
1.1144578313253017
-0.1216867469879519
-3.014457831325301
-1.1168674698795185
-0.654216867469879
1.5
2.653012048192771
2.766265060240964
0.08072289156626589
-0.726506024096385
-0.9867469879518072
-3.7253012048192766
-2.159036144578313
-2.3
-2.475903614457831
-4.110843373493976
-3.395180722891566
-3.053012048192771
-2.5506024096385542
-3.6951807228915663
-4.844578313253012
-5.4879518072289155
-3.9457831325301207
-3.3542168674698796
-3.1277108433734937
-3.072289156626506
-1.2855421686746986
-2.2289156626506026
-1.8301204819277108
-1.4012048192771085
-2.2373493975903616
-0.4108433734939758
-1.436144578313253
-3.2626506024096384
-2.83855421686747
-3.1313253012048192
-2.0987951807228913
-2.5734939759036144
-2.7216867469879515
-3.3481927710843378
-1.1421686746987951
-0.6481927710843374
-0.5313253012048195
-1.1987951807228916
0.36265060240963853
