-0.363855421686747
-3.837349397590361
-3.734939759036145
-1.5783132530120483
-0.20843373493975914
-1.1
-1.2987951807228915
-1.5240963855421688
-0.6385542168674698
-0.5048192771084337
0.5771084337349397
1.036144578313253
1.5493975903614459
1.889156626506024
1.5903614457831323
0.9325301204819278
1.9831325301204819
0.34337349397590367
-0.08313253012048194
0.1433734939759035
0.2650602409638554
-0.6265060240963856
-1.1518072289156627
-0.8493975903614458
-0.5228915662650604
0.6204819277108433
2.6951807228915663
1.819277108433735
2.4457831325301207
1.5783132530120485
0.30000000000000027
-1.0204819277108435
-2.4891566265060243
-0.06024096385542155
1.1072289156626507
1.0783132530120483
2.203614457831325
0.17469879518072284
-0.8457831325301204
-0.5301204819277108
0.8891566265060238
0.2795180722891568
-0.8493975903614457
0.1831325301204818
-2.4132530120481928
-2.566265060240964
-3.81566265060241
-7.142168674698795
-5.742168674698796
-4.012048192771084
-2.418072289156626
-2.443373493975903
-0.3048192771084337
1.8614457831325302
-0.18915662650602405
0.403614457831325
-2.8602409638554214
-3.0204819277108435
-3.275903614457831
-3.6819277108433734
-3.7397590361445783
-4.231325301204819
-5.506024096385542
-9.983132530120482
-6.66144578313253
-9.040963855421687
-6.336144578313253
-6.525301204819277
-9.104819277108433
-5.954216867469879
-6.397590361445784
-8.493975903614459
-4.734939759036143
-3.698795180722892
-3.10722891566265
-3.524096385542168
-2.0698795180722884
-1.5831325301204808
-0.43734939759036084
0.2807228915662652
0.2843373493975907
0.404819277108432
0.26265060240963933
-0.15542168674698686
1.3891566265060238
0.6939759036144579
-2.3240963855421697
-4.408433734939759
-2.953012048192771
-2.17710843373494
-0.8530120481927721
-4.192771084337349
-4.461445783132529
-6.465060240963856
-5.507228915662651
-5.74578313253012
-4.327710843373495
-3.7867469879518065
-2.209638554216868
-3.8120481927710834
-3.6421686746987945
-3.3903614457831317
-1.9325301204819283
-0.39879518072289066
0.3096385542168676
-0.30481927710843415
1.2855421686746986
2.267469879518071
0.5590361445783127
0.23614457831325453
-0.07228915662650692
-0.7204819277108427
1.1879518072289148
2.725301204819278
1.9698795180722897
-0.6096385542168665
-3.338554216867472
-4.1819277108433734
-3.5903614457831328
-3.283132530120483
-3.540963855421687
-3.734939759036145
-3.038554216867471
-2.2951807228915655
-1.427710843373493
-2.896385542168675
-3.5216867469879514
-3.1903614457831324
-3.9963855421686727
-4.593975903614458
-3.636144578313253
-2.1734939759036163
-1.6710843373493969
-1.4939759036144569
-1.4084337349397593
-2.0301204819277103
-2.0253012048192787
-1.2542168674698804
-1.6156626506024079
-0.5180722891566258
-0.1240963855421704
-1.633734939759039
-2.328915662650605
-2.2108433734939776
-2.2192771084337366
-0.8240963855421697
-1.1927710843373482
-2.4313253012048186
-2.3698795180722882
-2.0542168674698793
-1.3867469879518097
0.3349397590361427
1.5927710843373504
-1.6963855421686773
-5.038554216867469
-5.20963855421687
-2.7072289156626503
-1.6469879518072297
-0.15903614457831594
-1.507228915662651
-0.49759036144578417
1.0108433734939766
1.4891566265060234
1.726506024096384
-0.11445783132529996
0.527710843373491
0.7807228915662634
-0.022891566265059282
-1.5566265060240951
-1.1746987951807242
-0.20120481927710543
0.31686746987951864
0.7445783132530153
0.5987951807228882
0.5289156626506006
1.2518072289156628
1.6638554216867476
1.0445783132530089
-0.07831325301204473
-1.097590361445782
-3.1144578313253
-4.045783132530122
-3.0987951807228917
-3.549397590361444
-4.524096385542165
-3.832530120481927
-1.6253012048192765
-0.489156626506027
-0.04939759036144409
-0.4180722891566262
0.43855421686746965
1.5036144578313255
1.8795180722891587
1.695180722891564
1.3831325301204807
-0.4048192771084338
-4.112048192771084
-3.5855421686746993
-3.827710843373495
-3.719277108433733
-3.959036144578313
-2.5084337349397607
-0.8457831325301193
0.9457831325301207
2.4096385542168655
1.2843373493975925
-0.465060240963858
0.3795180722891587
1.4373493975903635
1.4722891566265055
-0.2843373493975889
-0.4108433734939787
0.0012048192771061395
-0.0963855421686759
0.046987951807228256
0.70843373493976
1.8771084337349393
2.781927710843373
3.440963855421689
1.6144578313253035
-3.1301204819277118
-0.24337349397590202
0.5783132530120447
0.40000000000000213
1.4289156626506028
2.1626506024096415
-0.1578313253012027
0.5650602409638559
-0.8903614457831317
-1.8734939759036138
-1.0325301204819262
-1.684337349397591
-4.071084337349397
-4.108433734939759
-4.699999999999999
-3.660240963855422
-3.5132530120481924
-2.178313253012046
-1.246987951807231
-0.944578313253011
-2.1759036144578303
-2.236144578313251
-0.7144578313253014
0.39879518072289244
0.025301204819278666
0.8626506024096408
1.0771084337349421
1.226506024096384
2.813253012048193
1.8084337349397615
2.2530120481927725
2.185542168674697
1.6710843373493987
0.8746987951807235
0.743373493975902
1.0216867469879496
-0.07469879518072631
0.41566265060241037
0.9216867469879553
-1.91686746987952
-2.1795180722891576
-1.0024096385542158
0.22289156626506212
1.079518072289158
1.920481927710842
-0.4024096385542144
-0.6361445783132531
-0.9144578313253007
-1.1216867469879492
0.409638554216869
0.5542168674698829
-0.8855421686746983
-1.0156626506024118
0.020481927710841674
-0.8746987951807217
-1.36987951807229
-2.168674698795181
-1.2939759036144594
-1.428915662650601
0.1626506024096397
1.0192771084337355
2.9012048192771083
3.849397590361445
3.2325301204819272
2.0349397590361438
1.1084337349397586
0.4831325301204803
0.7481927710843372
-1.5590361445783145
-3.362650602409639
-4.27710843373494
-3.6903614457831324
-3.008433734939759
-3.36987951807229
-5.101204819277108
-3.6891566265060236
-3.3759036144578314
-4.155421686746987
-3.339759036144579
-2.039759036144579
-1.3180722891566266
-0.6433734939759042
-0.4036144578313259
0.267469879518071
0.18313253012048136
1.3445783132530131
1.131325301204818
1.951807228915662
-0.26024096385541995
0.6349397590361434
0.6469879518072279
0.6867469879518069
0.6638554216867458
0.0024096385542158316
-0.5373493975903614
-1.5578313253012057
0.9554216867469876
1.386746987951807
0.5915662650602416
-0.9385542168674705
-2.285542168674698
-0.6216867469879519
2.185542168674699
2.6831325301204814
2.2457831325301205
2.1000000000000005
0.05301204819277139
-2.633734939759036
-3.519277108433734
-3.0265060240963853
-1.886746987951807
-1.525301204819277
1.040963855421687
3.8
2.224096385542169
0.5891566265060244
0.004819277108433884
0.846987951807229
-0.3506024096385545
-0.4951807228915661
-1.2445783132530124
2.012048192771084
0.4542168674698792
-0.2542168674698795
-1.2277108433734938
-1.8722891566265059
-1.3855421686746987
-0.8289156626506027
-0.3301204819277108
-1.7012048192771085
-2.5373493975903614
-3.0108433734939757
-3.536144578313253
-4.662650602409638
-4.83855421686747
-4.331325301204819
-4.698795180722891
-5.1734939759036145
-4.821686746987952
-3.9481927710843374
-1.4421686746987952
-0.3481927710843373
-1.4313253012048195
-0.6987951807228916
-2.7373493975903616
