-5.263855421686747
-7.037349397590361
-11.834939759036144
-10.378313253012049
-8.90843373493976
-11.0
-10.098795180722892
-9.624096385542169
-6.33855421686747
-4.104819277108433
-3.1228915662650607
-2.7638554216867472
-3.0506024096385542
-0.010843373493975905
-0.009638554216867545
-1.467469879518072
-2.9168674698795183
0.6433734939759037
1.116867469879518
0.5433734939759034
0.8650602409638555
1.3734939759036144
0.4481927710843374
1.9506024096385544
1.2771084337349397
0.9204819277108431
1.9951807228915661
0.5192771084337346
1.0457831325301203
2.878313253012048
3.6
3.2795180722891564
1.3108433734939757
-0.6602409638554216
0.4072289156626505
-1.121686746987952
-0.19638554216867465
0.7746987951807229
0.05421686746987975
-0.6301204819277109
-1.410843373493976
-1.0204819277108432
-1.1493975903614457
0.08313253012048216
0.9867469879518072
1.5337349397590363
0.8843373493975903
2.6578313253012045
0.15783132530120447
-0.31204819277108387
0.6819277108433739
0.05662650602409647
-0.604819277108434
0.7614457831325296
0.41084337349397604
-0.19638554216867554
0.23975903614457827
-0.7204819277108436
-2.675903614457831
-3.9819277108433737
-6.339759036144578
-5.931325301204819
-6.106024096385542
-9.583132530120482
-11.361445783132531
-8.240963855421686
-8.136144578313253
-6.725301204819276
-4.504819277108433
-3.054216867469879
-2.097590361445784
-2.7939759036144576
-2.4349397590361432
-4.8987951807228916
-2.80722891566265
-3.024096385542168
-2.469879518072289
-0.783132530120481
-0.13734939759036102
2.6807228915662655
1.3843373493975903
0.904819277108432
-1.3373493975903612
-1.7554216867469865
-0.4108433734939769
-2.5060240963855422
-0.72409638554217
-2.6084337349397586
-1.8530120481927712
-1.4771084337349407
-1.7530120481927725
-0.6927710843373482
-0.7614457831325296
-0.7650602409638569
-0.507228915662651
-1.0457831325301203
0.7722891566265044
1.2132530120481935
2.1903614457831324
3.387951807228916
3.457831325301205
2.8096385542168676
2.5674698795180717
1.8012048192771086
1.9096385542168672
2.095180722891566
1.4855421686746997
-0.6325301204819294
1.5590361445783127
1.4361445783132538
2.1277108433734924
2.6795180722891576
0.8879518072289159
-0.3746987951807217
0.46987951807228967
-1.1096385542168665
-1.1385542168674707
0.2180722891566269
-1.8903614457831335
-2.283132530120483
-2.240963855421686
-1.3349397590361463
-1.538554216867471
-1.2951807228915655
-1.5277108433734927
-0.39638554216867483
0.6783132530120479
1.9096385542168672
2.603614457831325
3.0060240963855414
1.2638554216867472
1.6265060240963845
1.0289156626506024
0.9060240963855435
0.6915662650602421
1.169879518072289
1.774698795180722
1.9457831325301207
1.9843373493975918
1.1819277108433752
-0.3240963855421697
-1.633734939759039
-3.128915662650604
-2.9108433734939787
-4.119277108433735
-4.124096385542169
-4.192771084337348
-4.431325301204819
-3.969879518072288
-2.654216867469879
-2.1867469879518087
0.034939759036145546
-0.8072289156626482
-0.8963855421686766
-0.5385542168674675
-1.0096385542168704
-2.6072289156626525
-3.146987951807228
-2.3590361445783152
-2.8072289156626518
-3.497590361445784
-5.289156626506024
-3.910843373493977
-4.1734939759036145
-3.914457831325299
-3.8722891566265076
-3.7192771084337366
-3.622891566265057
-4.356626506024094
-4.8746987951807235
-1.6012048192771076
-0.4831325301204821
-0.6554216867469869
-0.10120481927711111
-2.4710843373493994
-1.7481927710843372
-2.136144578313253
-1.055421686746989
-2.3783132530120454
-1.8975903614457827
-4.414457831325301
-4.845783132530123
-4.198795180722893
-3.049397590361444
-2.324096385542166
-1.4325301204819247
-0.9253012048192772
0.010843373493973019
1.1506024096385552
1.781927710843373
2.5385542168674675
3.3036144578313227
2.97951807228916
1.5951807228915662
0.38313253012048065
1.5951807228915662
0.9879518072289137
-1.6855421686747007
-2.0277108433734945
-2.5192771084337338
-3.959036144578313
-4.20843373493976
-4.045783132530122
-3.4542168674698814
-1.8903614457831317
-1.1156626506024097
0.6349397590361434
1.2795180722891573
1.4373493975903635
1.6722891566265083
1.8156626506024125
3.2891566265060206
1.7012048192771054
0.9036144578313241
0.5469879518072283
0.5084337349397607
-0.7228915662650621
-0.01807228915662762
2.040963855421687
2.4144578313253007
0.46987951807228967
-0.04337349397590273
0.8783132530120454
0.3000000000000007
0.32891566265060135
1.4626506024096386
3.0421686746987966
3.565060240963856
2.009638554216867
2.726506024096384
2.767469879518071
0.41566265060241037
-1.871084337349398
-1.9084337349397593
-1.3999999999999986
0.43975903614457934
-1.5132530120481924
-1.0783132530120483
-0.046987951807228256
-0.24457831325300816
0.42409638554216755
1.0638554216867497
0.8855421686747
-1.2012048192771054
-1.0746987951807228
-0.3373493975903621
-0.22289156626505857
0.42650602409638694
1.2132530120481917
-0.29156626506023997
-1.846987951807229
-4.114457831325302
-3.8289156626506013
-1.9253012048192772
-1.4566265060240973
-3.07831325301205
-2.674698795180724
-1.784337349397589
-4.278313253012046
-4.616867469879519
-5.379518072289157
-3.1024096385542173
-1.0771084337349386
-0.8204819277108406
0.020481927710839898
0.6975903614457835
2.2638554216867455
1.1855421686746972
1.2783132530120511
1.0096385542168704
-0.8457831325301193
-0.9855421686746979
-0.11566265060241143
0.020481927710841674
0.02530120481927689
0.2301204819277114
0.53132530120482
0.20602409638554064
-2.2289156626506017
-4.237349397590359
-2.280722891566265
-1.8987951807228907
0.6493975903614437
0.4325301204819265
1.3349397590361445
1.808433734939758
0.8831325301204807
-0.8518072289156624
-2.659036144578314
-4.362650602409639
-3.477108433734939
-1.8903614457831335
-0.8084337349397597
-0.6698795180722907
0.4987951807228921
2.8108433734939755
3.6240963855421686
2.5445783132530124
2.660240963855422
2.3602409638554196
0.0819277108433738
-2.443373493975903
-3.203614457831325
-3.3325301204819286
-2.8168674698795186
-2.055421686746987
-0.9686746987951818
-0.548192771084338
-0.26024096385541995
1.734939759036143
2.346987951807229
2.686746987951807
2.7638554216867472
4.3024096385542165
3.362650602409638
1.1421686746987945
1.355421686746988
0.9867469879518067
-0.5084337349397581
-1.5385542168674702
-0.18554216867469808
1.178313253012048
0.7855421686746986
-1.216867469879518
-5.854216867469879
-5.2
-1.7469879518072289
-4.433734939759036
-3.7192771084337344
-3.726506024096385
-2.486746987951807
0.4746987951807231
1.540963855421687
2.0
2.224096385542169
0.4891566265060239
1.104819277108434
-1.2530120481927711
-1.9506024096385544
-1.7951807228915664
-0.9445783132530123
0.4120481927710844
0.654216867469879
-2.4542168674698797
0.5722891566265065
0.12771084337349414
0.9144578313253011
2.2710843373493974
0.9698795180722892
-0.00120481927710836
-0.13734939759036147
-0.9108433734939758
-1.6361445783132529
0.43734939759036173
2.56144578313253
1.6686746987951806
1.601204819277109
1.5265060240963857
0.6783132530120484
-0.048192771084337505
0.15783132530120492
1.0518072289156626
2.5686746987951805
4.401204819277108
4.2626506024096384
