1.036144578313253
0.8626506024096385
0.16506024096385552
-0.7783132530120482
1.291566265060241
1.3000000000000003
1.4012048192771087
3.7759036144578317
2.26144578313253
-0.004819277108433662
0.8771084337349395
3.036144578313253
1.7493975903614456
2.089156626506024
3.3903614457831326
3.132530120481928
4.083132530120482
5.343373493975903
6.316867469879518
6.343373493975903
6.065060240963855
5.373493975903615
3.3481927710843373
3.8506024096385536
2.0771084337349395
3.0204819277108435
2.5951807228915658
4.119277108433735
3.4457831325301207
3.878313253012048
2.1999999999999997
2.079518072289156
2.910843373493976
1.1397590361445782
0.8072289156626504
0.17831325301204837
0.8036144578313253
1.374698795180723
1.8542168674698796
1.669879518072289
-0.010843373493976127
1.0795180722891566
2.3506024096385545
2.9831325301204816
0.8867469879518075
1.3337349397590361
0.5843373493975901
-0.6421686746987953
-0.6421686746987953
0.08795180722891605
0.9819277108433737
-1.6433734939759033
-1.5048192771084339
-1.83855421686747
-1.189156626506024
-1.2963855421686752
-0.4602409638554219
-1.3204819277108433
-1.5759036144578311
-0.48192771084337327
1.0602409638554215
2.0686746987951814
1.4939759036144578
1.8168674698795186
1.1385542168674698
0.2590361445783138
1.7638554216867464
1.974698795180723
2.395180722891566
1.9457831325301207
-0.19759036144578435
0.20602409638554242
0.8650602409638557
-0.2987951807228919
-1.1072289156626498
-2.2240963855421683
-3.8698795180722882
-2.783132530120481
-4.137349397590361
-2.1192771084337343
-3.51566265060241
-4.095180722891568
-3.9373493975903617
-3.655421686746987
-2.5108433734939766
-2.0060240963855422
-0.8240963855421697
-2.308433734939759
-3.5530120481927714
-2.97710843373494
-3.353012048192772
-3.692771084337349
-3.5614457831325295
-3.1650602409638564
-1.1072289156626507
-1.14578313253012
-1.8277108433734952
-1.5867469879518072
-1.709638554216868
-3.6120481927710832
-2.1421686746987945
-2.4903614457831313
-1.1325301204819276
-1.298795180722891
-0.49036144578313134
1.895180722891567
1.2855421686746986
0.8674698795180706
2.0590361445783127
2.636144578313253
2.727710843373492
3.1795180722891576
1.9879518072289155
2.4253012048192772
2.9698795180722914
1.1903614457831324
-0.7385542168674704
-0.18192771084337345
0.40963855421686723
1.9168674698795165
2.3590361445783135
1.8650602409638548
0.061445783132528575
-3.495180722891565
-3.227710843373492
-3.9963855421686745
-3.121686746987953
-3.5903614457831328
-2.596385542168674
-1.393975903614459
-3.336144578313254
-2.1734939759036163
-1.8710843373493962
0.8060240963855421
1.691566265060242
0.7698795180722904
0.774698795180722
2.5457831325301186
4.084337349397593
4.481927710843372
3.2759036144578317
1.1662650602409599
-1.4289156626506045
-2.4108433734939787
-2.0192771084337355
-4.024096385542169
-3.292771084337348
-2.2313253012048193
-2.8698795180722882
-2.0542168674698793
-2.586746987951809
-3.3650602409638566
-4.20722891566265
-3.4963855421686763
-4.638554216867469
-4.20963855421687
-3.707228915662652
-2.6469879518072297
-1.959036144578313
-2.2072289156626503
-2.297590361445785
-3.289156626506024
-3.5108433734939766
-0.9734939759036152
0.48554216867470146
-0.37228915662650763
-2.7192771084337366
-3.0228915662650593
-3.556626506024095
-3.674698795180724
-3.1012048192771076
-3.1831325301204814
-2.2554216867469847
-2.401204819277112
-1.7710843373494
0.3518072289156642
1.5638554216867462
1.6445783132530103
0.7216867469879524
-1.2975903614457813
-2.7144578313253014
-4.045783132530122
-3.4987951807228903
-1.6493975903614455
-2.4240963855421676
-3.032530120481926
-1.5253012048192787
-0.38915662650602556
0.5506024096385538
1.0819277108433738
1.638554216867469
0.10361445783132339
-0.3204819277108406
0.2951807228915655
1.0831325301204835
2.095180722891566
1.6879518072289166
1.514457831325302
0.5722891566265069
-0.5192771084337338
-0.9590361445783131
-0.9084337349397593
-1.14578313253012
-0.7542168674698821
-0.1903614457831324
-0.31566265060240895
-2.6650602409638573
-3.0204819277108435
-2.5626506024096365
-1.427710843373493
-0.7843373493975889
0.0891566265060213
1.6012048192771076
1.403614457831324
1.7469879518072275
1.6084337349397586
0.4771084337349407
0.9819277108433724
1.540963855421687
1.4144578313253007
1.8698795180722882
0.45662650602409727
-1.2216867469879524
-3.3999999999999986
-1.4710843373493994
-0.7373493975903607
-0.1578313253012027
-0.6349397590361434
-1.2903614457831338
-1.273493975903616
-1.232530120481929
-0.48433734939759177
-0.8710843373493979
-2.9084337349397593
-4.800000000000001
-5.460240963855423
-4.213253012048192
-2.678313253012046
-1.6469879518072297
-1.444578313253011
-2.0759036144578324
-1.736144578313251
-1.2144578313253014
-1.1012048192771076
-0.9746987951807213
-0.8373493975903621
-0.42289156626505786
0.026506024096384806
-1.1867469879518069
-1.29156626506024
-1.7469879518072275
-0.8144578313253028
-0.8289156626506013
-1.1253012048192765
-1.756626506024098
-2.278313253012051
-2.674698795180724
-1.3843373493975903
1.4216867469879553
3.483132530120482
3.6204819277108413
3.1975903614457835
2.722891566265062
2.1795180722891594
1.6204819277108413
1.5975903614457856
1.5638554216867462
1.5855421686746993
0.9783132530120504
1.3096385542168711
3.1542168674698807
3.9144578313253025
2.484337349397588
2.120481927710843
1.025301204819277
0.5301204819277121
1.4313253012048186
0.20602409638554064
0.2710843373493983
-0.13734939759035925
-0.08072289156626411
1.1012048192771093
-2.3506024096385563
-4.967469879518072
-6.1650602409638555
-4.891566265060241
-5.01686746987952
-5.051807228915662
-3.259036144578314
-2.662650602409638
-1.3771084337349393
-2.0903614457831328
-1.70843373493976
-2.4698795180722897
-2.501204819277108
-2.289156626506024
-3.2759036144578317
-3.055421686746987
-3.039759036144579
-2.539759036144579
-1.4180722891566262
-0.5433734939759027
-0.7036144578313248
-0.4325301204819283
0.4831325301204821
2.0445783132530124
2.9313253012048186
2.3518072289156624
0.8397590361445797
0.5349397590361438
-0.05301204819277139
0.8867469879518062
-0.03614457831325346
-1.4975903614457842
-2.437349397590361
-1.5578313253012057
0.05542168674698811
-0.3132530120481931
-1.3084337349397588
-1.33855421686747
-0.7855421686746977
-0.021686746987951366
0.8855421686746983
0.6831325301204814
1.345783132530121
-2.1999999999999997
-4.846987951807229
-6.533734939759036
-5.919277108433734
-4.126506024096385
-3.7867469879518074
-3.925301204819277
-4.159036144578313
-0.8999999999999999
-0.6759036144578308
-2.210843373493976
-2.095180722891566
1.4469879518072286
-0.6506024096385543
-0.5951807228915662
0.3554216867469875
0.21204819277108422
-1.1457831325301209
-0.45421686746987966
-0.3277108433734939
-1.272289156626506
-0.3855421686746987
1.5710843373493972
2.7698795180722895
3.1987951807228914
3.4626506024096386
1.989156626506024
1.463855421686747
-0.5626506024096383
-1.8385542168674698
-2.2313253012048193
-1.5987951807228913
-1.3734939759036144
-0.6216867469879519
-1.0481927710843375
1.0578313253012048
1.2518072289156628
0.36867469879518056
1.3012048192771086
0.8626506024096385
