-1.363855421686747
-0.7373493975903613
-1.9349397590361446
-0.17831325301204826
0.891566265060241
0.7999999999999999
0.6012048192771083
0.8759036144578313
-1.0385542168674697
-0.8048192771084337
-0.32289156626506044
-0.06385542168674696
-4.8506024096385545
-6.710843373493976
-4.709638554216868
-8.467469879518072
-8.216867469879519
-7.156626506024097
-8.383132530120482
-6.056626506024097
-3.434939759036145
-0.5265060240963856
-0.051807228915662584
-0.3493975903614458
-1.5228915662650604
0.2204819277108434
-0.10481927710843397
-1.180722891566265
-0.8542168674698795
-2.621686746987952
-0.9999999999999999
-0.12048192771084354
-0.08915662650602418
-1.3602409638554216
-0.5927710843373495
1.278313253012048
2.5036144578313255
2.7746987951807234
2.1542168674698794
1.3698795180722891
1.4891566265060243
1.9795180722891565
2.5506024096385547
1.283132530120482
2.5867469879518077
0.6337349397590359
-1.1156626506024099
-0.5421686746987953
0.6578313253012045
2.187951807228916
2.4819277108433737
3.8566265060240963
1.9951807228915666
3.46144578313253
2.710843373493976
4.203614457831325
1.6397590361445786
1.2795180722891564
0.3240963855421688
-0.281927710843374
-0.5397590361445781
1.4686746987951809
5.693975903614457
5.616867469879518
4.4385542168674705
2.959036144578313
4.063855421686747
4.174698795180724
4.395180722891566
2.9457831325301207
1.5024096385542167
0.5060240963855422
1.1650602409638564
0.40120481927710827
1.69277108433735
2.0759036144578324
1.7301204819277114
0.716867469879519
-0.43734939759036084
0.18072289156626553
-0.6156626506024097
2.8048192771084324
0.7626506024096393
2.2445783132530135
3.4891566265060234
3.3939759036144572
1.6759036144578303
-3.9084337349397593
-5.253012048192771
-5.07710843373494
-3.5530120481927714
-0.5927710843373486
-0.5614457831325286
-1.1650602409638555
0.49277108433734895
-1.2457831325301196
-1.7277108433734956
-1.6867469879518069
-5.209638554216868
-4.512048192771084
-4.942168674698794
-3.9903614457831313
-0.6325301204819276
0.20120481927710898
-1.9903614457831313
-2.5048192771084334
-2.0144578313253003
-1.3325301204819286
-1.8409638554216876
-0.7638554216867455
-0.8722891566265076
-0.020481927710841674
0.4879518072289155
1.525301204819277
2.2698795180722904
1.4903614457831331
1.8614457831325293
0.4180722891566262
0.5096385542168669
0.6168674698795176
-0.2409638554216862
-0.23493975903614484
-0.83855421686747
-0.09518072289156443
-2.927710843373493
-3.096385542168674
-3.2216867469879524
-3.290361445783132
-3.896385542168673
-3.2939759036144594
-1.7361445783132528
-1.273493975903616
-3.471084337349396
-3.993975903614457
-3.4084337349397593
-3.7301204819277096
-2.8253012048192776
-3.6542168674698807
-0.7156626506024075
-0.7180722891566269
-1.524096385542169
-0.433734939759038
0.07108433734939723
0.0891566265060213
0.5807228915662641
-0.9240963855421676
-3.6927710843373482
-3.7313253012048193
-2.669879518072287
-1.4542168674698779
-2.086746987951809
-3.8650602409638566
-3.607228915662649
-3.596385542168676
-2.4385542168674696
-2.2096385542168697
-2.8072289156626518
-2.2469879518072275
-2.159036144578316
-1.2072289156626503
-0.5975903614457856
0.010843373493976571
0.08915662650602485
0.5265060240963848
-1.9144578313253007
-3.6722891566265083
-2.2192771084337366
0.27710843373494143
-0.2566265060240944
-1.274698795180722
-1.8012048192771068
-3.983132530120482
-3.7554216867469847
-3.2012048192771125
-2.871084337349398
-3.148192771084336
-3.436144578313254
-2.255421686746992
-2.7783132530120476
-3.597590361445782
-3.4144578313253007
-3.045783132530122
-2.0987951807228917
-0.7493975903614469
-0.32409638554216613
-0.5325301204819262
-0.8253012048192794
-0.7891566265060277
-2.749397590361447
-2.018072289156624
-0.9614457831325325
0.10361445783132339
0.8795180722891587
-0.7048192771084345
-1.4168674698795165
-0.8048192771084359
-3.412048192771085
-2.5855421686746993
-2.5277108433734945
-1.719277108433733
-1.6590361445783124
-2.608433734939762
-3.4457831325301207
-3.4542168674698814
-2.3903614457831317
-3.0156626506024082
-4.165060240963857
-5.820481927710844
-5.762650602409636
-5.0277108433734945
-4.88433734939759
-5.110843373493978
-3.2987951807228946
-4.096385542168676
-3.9530120481927717
-2.9915662650602393
-2.722891566265062
-1.9180722891566262
-2.2590361445783103
-1.985542168674698
-2.9301204819277125
-2.9433734939759013
-3.2216867469879524
-4.399999999999999
-4.871084337349398
-2.7373493975903607
-1.6578313253012027
-1.034939759036142
-0.8903614457831317
-2.473493975903615
-4.132530120481928
-5.2843373493975925
-6.2710843373493965
-5.20843373493976
-5.399999999999999
-4.2602409638554235
-3.413253012048191
-2.7783132530120476
-3.4469879518072304
-3.444578313253011
-2.2759036144578317
-2.8361445783132524
-0.9144578313253007
-0.8012048192771068
-0.07469879518072275
0.06265060240964004
0.37710843373494285
-0.07349397590361306
0.013253012048192403
0.10843373493976216
0.7530120481927725
0.08554216867469933
-2.0289156626506006
-1.9253012048192772
-0.756626506024098
-0.2783132530120511
-1.3746987951807235
-1.3843373493975903
-0.5783132530120447
-5.716867469879519
-6.679518072289158
-6.3024096385542165
-6.6771084337349365
-5.820481927710841
-5.879518072289159
-4.502409638554216
-4.636144578313253
-3.4144578313253007
-2.42168674698795
-2.4903614457831296
-2.5457831325301186
-2.685542168674699
-1.9156626506024104
-0.8795180722891569
-1.3746987951807217
-3.0698795180722893
-3.7686746987951807
-2.393975903614459
-0.6289156626506021
1.6626506024096397
1.6192771084337352
1.9012048192771083
0.5493975903614441
0.23253012048192723
-0.46506024096385623
-0.5915662650602425
-0.5168674698795197
-0.8518072289156624
-0.15903614457831416
0.3373493975903621
-1.0771084337349404
-1.290361445783132
0.09156626506024068
1.9301204819277107
2.998795180722892
3.210843373493976
3.1240963855421686
3.444578313253013
4.060240963855421
2.6602409638554203
2.581927710843374
2.556626506024097
2.1963855421686755
1.967469879518072
2.0831325301204817
0.34457831325301314
0.6313253012048179
1.7518072289156628
2.1397590361445804
3.1349397590361434
3.4469879518072286
3.386746987951806
1.2638554216867472
3.1024096385542155
2.662650602409639
2.8421686746987938
2.7554216867469883
0.9867469879518067
-0.008433734939758075
-0.9385542168674705
-1.8855421686746983
-1.7216867469879515
-2.7144578313253014
-2.9168674698795183
-2.154216867469879
-3.5
-5.546987951807229
-4.6337349397590355
-3.7192771084337344
-1.326506024096385
-0.8867469879518071
-4.1253012048192765
-2.959036144578313
-2.6
-3.475903614457831
-3.310843373493976
-4.195180722891566
-3.453012048192771
-4.550602409638555
-4.295180722891566
-4.644578313253012
-0.9879518072289155
0.4542168674698792
-0.6542168674698794
-0.3277108433734939
0.22771084337349423
-0.18554216867469853
-1.1289156626506025
-1.8301204819277108
-1.7012048192771085
-1.5373493975903614
-2.410843373493976
-2.936144578313253
-4.362650602409638
-3.7385542168674695
-0.8313253012048192
-1.0987951807228913
0.3265060240963855
2.478313253012048
1.6518072289156622
-0.14216867469879513
2.2518072289156628
1.4686746987951806
-1.0987951807228915
0.5626506024096385
