0.43614457831325293
0.5626506024096387
0.6650602409638555
1.0216867469879518
1.3915662650602407
-2.4
-2.2987951807228915
-1.5240963855421688
-1.73855421686747
-0.7048192771084337
-0.5228915662650604
1.136144578313253
4.449397590361446
4.989156626506024
4.590361445783133
3.2325301204819277
2.483132530120482
0.7433734939759036
0.9168674698795182
1.6433734939759035
1.8650602409638555
0.9734939759036145
0.4481927710843374
0.35060240963855427
0.37710843373493974
0.12048192771084332
-0.9048192771084339
-0.2807228915662652
-0.7542168674698795
-3.821686746987952
-3.4
-2.8204819277108433
-1.889156626506024
-1.5602409638554215
-2.6927710843373496
-4.321686746987952
-3.396385542168675
-3.025301204819277
-2.0457831325301203
-2.3301204819277106
-2.910843373493976
-2.3204819277108433
-2.049397590361446
-3.616867469879518
-3.613253012048193
-6.066265060240964
-6.61566265060241
-6.3421686746987955
-4.3421686746987955
-3.012048192771084
-4.618072289156626
-3.2433734939759034
-5.804819277108434
-4.63855421686747
-2.089156626506024
-2.296385542168675
-2.3602409638554214
-1.1204819277108435
0.7240963855421692
0.6180722891566264
2.7602409638554217
3.2686746987951807
2.2939759036144576
3.1168674698795176
2.03855421686747
2.3590361445783135
2.6638554216867467
3.174698795180724
2.895180722891566
2.4457831325301207
3.3024096385542157
1.7060240963855415
-0.43493975903614324
0.701204819277109
-0.80722891566265
-0.8240963855421679
-2.0698795180722884
-3.283132530120481
-2.837349397590361
-0.9192771084337341
-1.4156626506024095
-3.7951807228915673
-4.137349397590361
-1.4554216867469867
-1.5108433734939766
-2.806024096385542
-0.72409638554217
0.19156626506024033
0.5469879518072283
-0.4771084337349407
-1.153012048192771
-0.6927710843373482
-0.7614457831325296
-0.26506024096385694
-0.8072289156626518
-0.9457831325301189
-1.2277108433734956
-2.5867469879518072
-0.909638554216869
-0.41204819277108307
-1.9421686746987952
-1.4903614457831313
-1.4325301204819283
-4.298795180722891
-3.3903614457831317
-3.104819277108433
-4.814457831325301
-5.332530120481929
-2.4409638554216873
-1.2638554216867455
-2.3722891566265076
-2.2204819277108427
-1.8120481927710852
-2.274698795180722
-1.9301204819277107
-2.709638554216866
-2.2385542168674704
-1.281927710843373
-0.790361445783132
-1.1831325301204831
-2.1409638554216865
-0.034939759036145546
-1.6385542168674707
-0.2951807228915655
-2.3277108433734917
-2.896385542168675
-2.821686746987952
-1.6903614457831324
-1.1963855421686738
-1.5939759036144583
-1.636144578313253
-5.273493975903616
-6.171084337349397
-4.693975903614456
-3.70843373493976
-2.9301204819277107
-2.725301204819278
-1.9542168674698797
-2.2156626506024075
-1.0180722891566258
-2.2240963855421683
-2.5337349397590394
-3.528915662650604
-2.8108433734939773
-2.3192771084337362
-1.6240963855421668
-2.3927710843373475
-2.03132530120482
-0.669879518072289
-1.0542168674698793
-1.4867469879518076
-0.3650602409638566
0.09277108433735037
0.7036144578313248
1.361445783132531
1.2903614457831303
1.1927710843373482
0.9530120481927717
1.2409638554216862
1.7927710843373497
2.702409638554215
0.7108433734939759
0.28915662650602414
-3.3734939759036138
-4.314457831325299
-3.772289156626506
-4.5192771084337355
-4.822891566265058
-5.356626506024094
-3.774698795180722
-3.501204819277106
-3.483132530120482
-2.5554216867469854
-3.0012048192771097
-4.2710843373494
-6.248192771084337
-6.636144578313253
-6.15542168674699
-5.078313253012045
-4.397590361445783
-3.6144578313253
-3.4457831325301207
-3.4987951807228903
-2.749397590361447
-3.9240963855421676
-4.332530120481927
-6.525301204819279
-5.489156626506027
-5.549397590361444
-4.718072289156627
-3.5614457831325304
-2.8963855421686766
-1.52048192771084
-0.2048192771084345
0.0831325301204835
-0.5048192771084352
0.28795180722891445
0.7144578313253014
-1.2277108433734938
-2.119277108433735
-3.259036144578314
-3.0084337349397607
-4.545783132530122
-4.254216867469882
-3.490361445783133
-2.1156626506024097
-1.965060240963858
-2.0204819277108435
-1.4626506024096386
-0.7277108433734938
-0.08433734939758963
-1.7108433734939794
-1.7987951807228946
-2.1963855421686738
-1.3530120481927739
-1.79156626506024
-2.32289156626506
-1.5180722891566276
-2.3590361445783117
-5.085542168674699
-4.53012048192771
-5.743373493975902
-4.921686746987955
-3.1999999999999993
-4.571084337349397
-4.93734939759036
-4.557831325301205
-2.3349397590361427
-2.8903614457831317
-1.8734939759036138
-1.4325301204819283
-0.8843373493975903
-0.37108433734939794
-0.00843373493976074
0.10000000000000142
0.6397590361445786
0.4867469879518076
0.5216867469879531
-3.9469879518072304
-2.6445783132530103
-1.975903614457831
-1.736144578313251
-3.2144578313253014
-3.9012048192771065
-4.074698795180723
-3.43734939759036
-2.422891566265058
-0.9734939759036152
-1.1867469879518069
-0.5915662650602407
-0.24698795180722755
-0.014457831325302095
1.871084337349398
1.5746987951807228
0.04337349397590273
-1.4783132530120504
-1.7746987951807256
-0.5843373493975896
0.9216867469879553
1.2831325301204792
1.8204819277108442
2.1975903614457835
-0.17710843373493645
-1.02048192771084
-1.8795180722891587
1.3975903614457827
1.7638554216867455
2.0855421686746993
2.4783132530120504
1.3096385542168711
-1.0457831325301186
-0.2855421686746986
-1.715662650602411
-4.879518072289157
-5.074698795180723
-2.4698795180722897
-0.7686746987951807
-1.0939759036144583
-2.0289156626506024
-1.237349397590359
-0.2807228915662652
0.0012048192771096922
0.24939759036144338
0.33253012048192687
0.23493975903614484
0.40843373493975754
0.1831325301204796
-0.3518072289156624
-0.7590361445783138
-0.362650602409639
-0.07710843373494036
1.1096385542168665
1.1915662650602403
-0.5698795180722893
-1.001204819277108
-0.6891566265060245
-0.6759036144578321
-1.1554216867469869
0.5602409638554207
-1.8397590361445797
-2.6180722891566255
-2.3433734939759034
-2.0036144578313255
-1.4325301204819283
-1.3168674698795186
-1.6554216867469869
-1.4686746987951818
-1.6481927710843376
-2.76024096385542
-3.065060240963856
-2.9530120481927717
-3.313253012048193
-2.936144578313254
-3.1975903614457835
-2.637349397590361
-2.8578313253012055
-3.0445783132530115
-1.9132530120481936
-1.9084337349397584
-2.6385542168674703
-0.8855421686746983
-2.021686746987952
-2.1144578313253013
-2.216867469879518
-0.7542168674698795
-0.8999999999999995
-1.2469879518072289
-2.133734939759036
-2.2192771084337344
-0.3265060240963855
-2.1867469879518073
-2.3253012048192767
-2.459036144578313
-4.3
-3.5759036144578307
-4.910843373493976
-4.995180722891567
-4.753012048192771
-2.950602409638554
-4.495180722891567
-5.544578313253012
-5.9879518072289155
-4.54578313253012
-1.8542168674698796
-1.5277108433734936
0.027710843373494054
1.3144578313253015
-0.028915662650602414
-1.230120481927711
-0.8012048192771084
-0.5373493975903616
0.6891566265060243
-1.1361445783132529
-2.1626506024096384
-1.5385542168674697
0.06867469879518096
0.6012048192771089
0.12650602409638578
0.9783132530120482
0.3518072289156624
0.3578313253012049
2.7518072289156623
2.0686746987951805
3.201204819277108
3.362650602409639
