1.136144578313253
-5.7373493975903616
-5.734939759036144
-4.978313253012049
-4.808433734939759
-2.3
-2.6987951807228914
-2.9240963855421684
-2.0385542168674697
-3.3048192771084337
-2.6228915662650607
-7.9638554216867465
-8.150602409638553
-9.510843373493977
-9.609638554216868
-9.667469879518071
-6.916867469879518
-5.156626506024097
-8.983132530120482
-4.956626506024096
-3.6349397590361443
-0.8265060240963855
0.4481927710843374
1.3506024096385543
0.5771084337349397
1.0204819277108432
1.0951807228915662
2.0192771084337346
2.34578313253012
-0.02168674698795159
0.10000000000000009
-0.8204819277108435
0.8108433734939757
0.5397590361445785
0.4072289156626505
2.3783132530120485
2.3036144578313253
1.874698795180723
0.5542168674698797
0.5698795180722893
1.589156626506024
1.879518072289157
3.1506024096385543
2.4831325301204816
3.486746987951807
3.2337349397590365
3.0843373493975905
2.757831325301205
3.1578313253012045
0.48795180722891596
0.8819277108433741
-1.2433734939759034
-1.8048192771084337
-2.83855421686747
-1.7891566265060241
-2.296385542168675
-2.2602409638554217
-3.8204819277108433
-4.775903614457831
-4.6819277108433734
-4.039759036144578
-4.231325301204819
-2.306024096385542
0.11686746987951846
0.83855421686747
2.5590361445783127
2.1638554216867467
-0.6253012048192765
1.095180722891567
0.7457831325301214
2.202409638554216
2.9060240963855426
2.8650602409638557
2.6012048192771076
0.9927710843373507
-1.824096385542168
-0.9698795180722888
-0.18313253012048136
-0.03734939759036138
-0.6192771084337343
0.48433734939759
0.20481927710843273
0.1626506024096379
-0.7554216867469865
-0.3108433734939755
0.3939759036144572
-1.22409638554217
-2.6084337349397586
-3.353012048192771
-3.17710843373494
-2.653012048192772
-2.992771084337349
-2.7614457831325296
-2.565060240963856
-5.307228915662651
-4.64578313253012
-1.8277108433734952
-1.8867469879518062
-1.409638554216869
-0.21204819277108378
-1.3421686746987938
-0.9903614457831313
-0.23253012048192723
0.9012048192771083
1.4096385542168672
0.9951807228915666
-1.4144578313253007
-0.9325301204819283
-3.3409638554216876
-3.7638554216867455
-3.272289156626508
-2.920481927710842
-3.0120481927710845
-3.1746987951807224
-3.3301204819277093
-4.709638554216866
-3.4385542168674714
-2.981927710843374
-2.990361445783133
-2.5831325301204835
-2.040963855421687
-1.6349397590361452
-4.938554216867471
-6.095180722891565
-5.327710843373492
-4.696385542168674
-4.121686746987953
-3.3903614457831335
-2.2963855421686734
-0.7939759036144594
0.26385542168674725
1.4265060240963852
0.8289156626506031
-0.09397590361445651
0.49156626506023926
0.5698795180722911
0.6746987951807206
0.64578313253012
0.7843373493975925
1.1819277108433752
-1.2240963855421683
-0.5337349397590394
0.3710843373493944
0.2891566265060206
-0.5192771084337373
0.37590361445783316
-0.5927710843373468
0.7686746987951807
2.530120481927714
4.14578313253012
5.213253012048192
4.834939759036143
4.392771084337351
3.903614457831324
4.861445783132531
4.590361445783131
2.092771084337347
0.3530120481927703
1.1409638554216848
2.1927710843373482
2.1024096385542137
2.5108433734939766
2.889156626506022
1.226506024096384
-0.21445783132529783
-2.472289156626509
-5.219277108433737
-3.7228915662650586
-2.9566265060240937
-3.974698795180725
-3.001204819277106
-1.1831325301204814
0.04457831325301598
0.09879518072288818
0.6289156626506021
0.7518072289156628
0.9638554216867448
0.444578313253011
1.1216867469879546
1.0024096385542194
1.3855421686747
-2.845783132530123
-5.398795180722892
-6.549397590361446
-5.724096385542168
-4.132530120481924
-3.1253012048192765
-1.7891566265060277
-1.049397590361444
-1.018072289156624
-0.06144578313253035
-0.19638554216867732
-0.7204819277108392
-1.4048192771084338
0.18313253012048136
-0.2048192771084345
-0.7120481927710856
-0.4855421686746979
0.1722891566265048
0.18072289156626553
-0.4590361445783131
-0.20843373493976003
0.85421686746988
-3.754216867469882
-3.0903614457831345
-2.1156626506024097
-0.06506024096385588
1.3795180722891587
1.837349397590362
1.9722891566265055
1.3156626506024125
-0.7108433734939794
-1.1987951807228932
0.10361445783132339
-0.9530120481927717
-0.6915662650602421
-0.7228915662650621
-0.7180722891566269
0.5409638554216869
-0.7855421686746986
-1.830120481927711
-0.8433734939758999
-3.521686746987953
-2.3999999999999986
-1.4710843373493994
-1.1373493975903592
0.04216867469879659
0.6650602409638573
0.1096385542168683
-5.1734939759036145
-4.332530120481927
-3.3843373493975903
-2.471084337349396
-2.1084337349397586
-0.8000000000000007
-4.560240963855421
-4.413253012048191
-5.078313253012048
-4.546987951807228
-4.64457831325301
-4.0759036144578324
-3.136144578313253
-2.6144578313253
-0.5012048192771061
-0.9746987951807213
-0.8373493975903621
-1.1228915662650572
-2.1734939759036145
-2.386746987951806
-2.0915662650602407
-0.846987951807229
-0.21445783132530138
-0.42891566265060277
-0.12530120481927653
0.44337349397590486
-0.07831325301205183
0.8253012048192758
1.215662650602411
-1.5783132530120447
-2.216867469879519
-1.879518072289157
-0.20240963855421867
0.5228915662650628
-0.8204819277108406
-1.97951807228916
-2.6024096385542155
-3.436144578313254
-3.014457831325302
-3.0216867469879496
-2.9903614457831296
-2.0457831325301186
-0.7855421686746986
0.2843373493975889
-0.4795180722891583
-0.1746987951807224
-1.36987951807229
-2.168674698795181
-2.0939759036144583
-0.6289156626506021
-0.7373493975903589
-0.7807228915662652
-1.3987951807228907
-0.4506024096385559
-0.8674698795180724
0.7349397590361448
2.308433734939758
2.58313253012048
2.9481927710843383
2.040963855421687
2.637349397590361
0.6228915662650607
0.6096385542168665
-0.508433734939759
-0.5698795180722893
0.7987951807228928
-0.8891566265060238
-1.3759036144578314
-2.855421686746986
-5.239759036144578
-3.9397590361445793
-1.9180722891566262
-0.4433734939759031
-1.3036144578313245
-1.6325301204819294
-1.516867469879518
-2.055421686746987
-2.5686746987951814
-3.548192771084337
-4.3602409638554205
-4.465060240963856
0.046987951807228256
0.5867469879518072
1.1638554216867458
2.002409638554216
-0.13734939759036102
-4.557831325301206
-4.0445783132530115
-2.613253012048193
-1.7084337349397583
-2.53855421686747
-2.485542168674698
-1.9216867469879517
1.0855421686746984
0.18313253012048136
-0.7542168674698795
0.40000000000000036
-1.9469879518072286
-2.3337349397590357
-2.6192771084337343
-3.226506024096385
0.6132530120481929
3.0746987951807236
1.040963855421687
0.0
1.6240963855421695
1.5891566265060244
-0.6951807228915663
0.6469879518072288
2.249397590361446
2.6048192771084335
3.1554216867469873
2.212048192771084
3.2542168674698795
1.5457831325301208
2.972289156626506
4.327710843373493
1.1144578313253013
0.7710843373493974
0.36987951807228914
0.6987951807228914
0.26265060240963867
0.389156626506024
-1.436144578313253
-2.7626506024096384
-3.33855421686747
2.9686746987951804
2.9012048192771087
-1.7734939759036144
-1.5216867469879518
0.05180722891566236
1.757831325301205
0.15180722891566267
0.46867469879518064
-0.49879518072289153
0.7626506024096387
