-1.563855421686747
-1.6373493975903615
-2.3349397590361445
-1.5783132530120483
-1.108433734939759
-0.4
-0.5987951807228915
-1.2240963855421687
-0.9385542168674699
-1.0048192771084337
-1.4228915662650605
-2.463855421686747
-1.3506024096385543
-3.5108433734939757
-1.3096385542168676
0.8325301204819278
1.2831325301204817
1.6433734939759035
1.5168674698795184
1.8433734939759037
1.4650602409638556
1.0734939759036146
1.7481927710843372
2.1506024096385543
1.9771084337349398
1.1204819277108433
-0.8048192771084339
-0.8807228915662652
1.6457831325301204
2.178313253012048
2.3000000000000003
3.379518072289157
1.4108433734939758
1.6397590361445782
2.207228915662651
3.1783132530120484
2.5036144578313255
1.7746987951807234
2.25421686746988
0.9698795180722892
1.3891566265060238
2.879518072289157
1.1506024096385543
0.6831325301204818
1.6867469879518073
0.9337349397590362
0.5843373493975901
2.057831325301205
0.45783132530120474
0.2879518072289162
-0.6180722891566259
-1.7433734939759034
-1.4048192771084338
-0.9385542168674701
-0.8891566265060238
-0.7963855421686752
0.3397590361445788
0.0795180722891562
-0.475903614457831
-0.3819277108433736
-0.23975903614457827
2.8686746987951803
0.8939759036144581
-0.4831325301204821
-0.4614457831325298
-0.2409638554216862
-1.136144578313254
1.0746987951807236
1.9951807228915674
-0.9542168674698788
-1.5975903614457838
-1.4939759036144578
-1.4349397590361432
-2.0987951807228917
-3.7072289156626494
-0.9240963855421684
-1.0698795180722884
-0.9831325301204803
-1.9373493975903608
-2.219277108433734
-2.1156626506024097
-1.3951807228915678
-0.8373493975903621
-0.9554216867469876
-0.5108433734939766
-1.1060240963855428
0.475903614457831
1.5915662650602407
1.7469879518072293
-0.4771084337349407
0.5469879518072283
1.9072289156626514
-0.16144578313253
-1.1650602409638555
-2.6072289156626507
-3.5457831325301195
-3.5277108433734954
-2.186746987951807
-1.909638554216869
-2.912048192771083
-2.442168674698795
-2.1903614457831324
-1.9325301204819283
-1.298795180722891
-0.8903614457831317
-0.2048192771084345
0.7855421686746986
1.267469879518071
0.9590361445783131
-1.2638554216867455
-4.272289156626508
-3.3204819277108424
-2.612048192771084
-1.1746987951807224
-1.63012048192771
-3.209638554216866
-2.6385542168674707
-3.3819277108433745
-2.290361445783132
-1.7831325301204828
-1.1409638554216865
0.6650602409638537
0.46144578313252893
-1.6951807228915658
-1.3277108433734917
-1.4963855421686745
-0.8216867469879521
-1.4903614457831331
-1.4963855421686727
-1.193975903614458
-0.7361445783132528
-0.37349397590361555
-0.37108433734939616
-3.293975903614456
-4.508433734939759
-5.930120481927711
-5.225301204819278
-3.85421686746988
-3.315662650602409
-2.1180722891566255
-1.024096385542169
-2.133734939759039
-3.128915662650604
-2.5108433734939783
-2.919277108433736
-2.7240963855421683
-3.8927710843373475
-3.1313253012048197
-4.169879518072287
-5.054216867469879
-3.9867469879518076
-3.1650602409638555
-2.107228915662649
-0.7963855421686752
-0.8385542168674682
0.6903614457831289
1.0927710843373468
-0.14698795180722968
-2.8590361445783152
-3.30722891566265
-3.3975903614457845
-2.589156626506025
-1.2108433734939759
0.12650602409638623
2.0855421686746993
0.527710843373491
-0.31927710843373447
-2.7228915662650586
-2.4566265060240937
-1.774698795180722
-1.4012048192771083
-2.8831325301204807
-4.055421686746985
-4.401204819277112
-4.871084337349398
-4.548192771084338
-5.836144578313254
-4.955421686746991
-4.478313253012047
-3.8975903614457827
-4.014457831325302
-5.045783132530122
-3.698795180722893
-3.549397590361444
-2.7240963855421683
-3.2325301204819255
-4.025301204819279
-2.3891566265060256
-2.549397590361444
-4.6180722891566255
-5.06144578313253
-4.296385542168675
-4.02048192771084
-3.7048192771084345
-3.9168674698795165
-3.6048192771084366
-4.112048192771084
-4.185542168674701
-3.327710843373495
-2.5192771084337338
-2.759036144578314
-4.20843373493976
-4.245783132530121
-3.254216867469882
-0.9903614457831331
0.38433734939759034
0.8349397590361427
-0.22048192771084274
0.4373493975903635
-0.4277108433734931
0.21566265060241108
0.389156626506022
0.10120481927710756
1.0036144578313255
2.5469879518072283
3.6084337349397586
3.3771084337349393
3.381927710843371
3.440963855421689
-0.9855421686746979
-0.43012048192771246
0.45662650602409727
1.3783132530120454
1.0
-0.6710843373493987
-0.8373493975903585
0.04216867469879659
-2.3349397590361427
-1.090361445783131
-0.17349397590361448
0.16746987951807313
0.6156626506024097
1.9289156626506028
3.29156626506024
0.5
-2.160240963855422
-3.1132530120481903
-2.7783132530120476
-2.746987951807231
-0.6445783132530103
0.22409638554216826
1.6638554216867476
1.3855421686747
0.09879518072289173
-0.9746987951807213
-1.6373493975903592
-0.22289156626505857
0.42650602409638694
0.6132530120481938
0.70843373493976
1.2530120481927725
0.2855421686746986
-1.128915662650602
-1.1253012048192765
0.24337349397590202
1.2216867469879489
1.8253012048192758
1.5156626506024082
2.6216867469879546
2.6831325301204814
2.6204819277108413
3.3975903614457827
3.6228915662650643
3.97951807228916
1.920481927710842
2.0975903614457856
1.6638554216867476
2.3855421686747
2.4783132530120504
2.1096385542168683
2.85421686746988
2.6144578313253017
2.3843373493975903
2.8204819277108424
1.925301204819279
1.8301204819277093
1.131325301204818
1.9060240963855417
2.171084337349397
2.562650602409642
1.919277108433736
-2.0987951807228917
-2.7506024096385566
-5.267469879518073
-2.9650602409638562
-2.491566265060241
-3.1168674698795193
-2.951807228915662
-0.35903614457831345
2.2373493975903624
-0.9771084337349389
-1.290361445783132
-2.4084337349397593
-3.4698795180722897
-2.701204819277107
-1.7891566265060241
-1.475903614457831
0.044578313253012425
0.5602409638554207
-2.3397590361445797
-1.1180722891566255
-0.14337349397590415
1.0963855421686741
-0.232530120481929
-1.516867469879518
-5.055421686746987
-6.968674698795182
-7.748192771084337
-5.560240963855421
-2.765060240963856
-1.653012048192771
-1.0132530120481933
-0.9361445783132538
-0.297590361445784
-1.9373493975903608
-4.757831325301206
-3.644578313253012
-4.613253012048194
-3.6084337349397586
-0.5385542168674702
1.6144578313253017
2.0783132530120483
1.9855421686746988
0.8831325301204815
-0.054216867469879304
0.6000000000000005
0.7530120481927716
0.766265060240964
1.280722891566266
1.5734939759036148
2.2132530120481926
0.6746987951807233
-1.0590361445783127
-0.5
-2.875903614457831
-4.110843373493976
-3.095180722891566
-2.253012048192771
-3.950602409638554
-2.1951807228915663
-1.5445783132530124
-4.387951807228916
-4.345783132530121
-3.5542168674698793
-1.7277108433734938
-0.27228915662650577
0.1144578313253013
0.5710843373493972
1.0698795180722893
1.9987951807228912
0.8626506024096383
-1.7108433734939759
-0.736144578313253
-1.1626506024096384
-1.3385542168674698
1.4686746987951809
0.3012048192771086
2.126506024096386
-0.5216867469879518
0.15180722891566245
-0.14216867469879513
-0.24819277108433724
-1.5313253012048196
-1.3987951807228916
-0.3373493975903614
