1.8361445783132528
2.7626506024096384
0.9650602409638556
2.4216867469879517
2.3915662650602405
-1.8
0.001204819277108471
-2.424096385542169
-3.63855421686747
-3.1048192771084335
-1.7228915662650603
-1.663855421686747
-1.4506024096385541
-1.510843373493976
-1.3096385542168676
-0.9674698795180722
-1.1168674698795182
-0.35662650602409635
-0.18313253012048192
-1.2566265060240966
0.5650602409638554
-0.9265060240963856
-1.3518072289156626
-2.049397590361446
-1.0228915662650604
0.02048192771084323
-1.104819277108434
-1.8807228915662653
-1.5542168674698795
-1.0216867469879518
-0.7
-0.12048192771084354
1.010843373493976
0.5397590361445785
1.0072289156626506
0.9783132530120482
-0.4963855421686749
0.9746987951807231
2.954216867469879
2.169879518072289
2.4891566265060243
-1.0204819277108432
-1.5493975903614456
-2.016867469879518
-2.3132530120481927
-2.4662650602409637
-1.8156626506024098
-2.442168674698795
-2.5421686746987953
-3.012048192771084
-3.0180722891566263
-2.8433734939759034
-2.3048192771084337
-1.93855421686747
-1.7891566265060241
-1.3963855421686753
-0.6602409638554216
-2.6204819277108435
-3.375903614457831
-3.8819277108433736
-3.139759036144578
-2.731325301204819
-0.006024096385542244
-1.1831325301204814
1.0385542168674702
1.5590361445783136
1.863855421686746
2.5746987951807228
3.4951807228915674
3.845783132530121
4.702409638554216
3.5060240963855422
1.1650602409638564
0.5012048192771079
0.9927710843373507
-2.6240963855421686
-2.969879518072289
-1.5831325301204808
-0.7373493975903607
1.0807228915662659
1.3843373493975903
1.404819277108432
2.862650602409639
5.044578313253012
3.889156626506024
1.5939759036144583
2.975903614457831
2.8915662650602414
2.346987951807229
2.32289156626506
3.146987951807228
3.4072289156626514
3.7385542168674704
3.1349397590361434
1.2927710843373497
1.054216867469881
2.172289156626505
3.4132530120481928
3.8903614457831317
4.487951807228917
5.3578313253012055
4.109638554216868
3.667469879518073
4.101204819277109
4.309638554216868
3.695180722891566
-1.9144578313253007
-3.1325301204819294
-3.6409638554216865
-5.363855421686746
-3.3722891566265076
-2.8204819277108424
-2.312048192771085
-2.8746987951807217
-2.4301204819277107
-2.509638554216867
-3.9385542168674714
-3.581927710843374
-2.290361445783132
-1.3831325301204824
-0.2409638554216862
-1.0349397590361455
-4.23855421686747
-4.7951807228915655
-3.427710843373493
-1.4963855421686745
-0.3216867469879521
-0.09036144578313277
-0.09638554216867412
0.7060240963855406
-2.336144578313254
-2.8734939759036155
-2.971084337349396
-2.193975903614456
-1.9084337349397593
-1.330120481927711
-1.8253012048192776
-1.35421686746988
-0.015662650602408235
1.281927710843373
2.1759036144578303
0.3662650602409627
-0.3289156626506049
-0.7108433734939794
-1.1192771084337352
-2.2240963855421683
-3.792771084337348
-3.6313253012048197
-1.7698795180722868
-0.15421686746987717
0.913253012048191
1.9349397590361441
2.892771084337351
2.8036144578313227
-1.0385542168674675
-0.409638554216869
0.19277108433734824
1.4530120481927717
1.7409638554216862
2.0927710843373504
2.502409638554216
3.410843373493975
3.789156626506024
4.026506024096385
3.6855421686747007
4.327710843373492
4.080722891566264
0.17710843373494356
-2.856626506024096
-3.174698795180724
-4.301204819277107
-4.283132530120483
-5.955421686746986
-4.30120481927711
-3.0710843373493972
-3.8481927710843387
-4.636144578313253
-3.455421686746991
-2.478313253012047
-2.3975903614457827
-3.014457831325302
-2.545783132530122
-0.9987951807228903
-2.449397590361446
-2.4240963855421676
-2.2325301204819255
-1.8253012048192794
-0.6891566265060263
-1.049397590361444
-0.6180722891566255
-0.5614457831325304
-0.2963855421686752
-0.12048192771084132
-0.7048192771084345
-1.3168674698795186
-0.9048192771084338
-0.8120481927710834
-0.8855421686747
-4.427710843373493
-7.219277108433735
-4.259036144578314
-2.5084337349397607
-3.14578313253012
-3.9542168674698814
-6.190361445783132
-5.315662650602409
-5.765060240963859
-5.620481927710841
-2.862650602409637
-3.427710843373493
-1.9843373493975882
-1.2108433734939794
-0.5987951807228917
0.003614457831325524
1.7469879518072275
2.1084337349397586
1.8771084337349393
1.0819277108433738
0.940963855421689
0.7144578313253014
-1.0301204819277103
-1.0433734939759027
-3.9216867469879553
-3.0
-2.0710843373493972
-0.93734939759036
-0.6578313253012027
0.1650602409638573
-0.29036144578313383
-2.6734939759036145
-2.532530120481926
-2.2843373493975925
-2.2710843373493965
-3.5084337349397607
-2.5
-3.2602409638554235
-3.813253012048193
-3.378313253012049
-2.1469879518072297
-0.7445783132530082
-0.975903614457831
0.1638554216867476
0.48554216867470146
0.49879518072289386
-1.4746987951807213
-2.2373493975903607
-3.7228915662650586
-2.1734939759036145
-2.386746987951806
-0.49156626506023926
0.3530120481927703
1.2855421686746986
-0.9289156626506028
0.37469879518072347
0.24337349397590202
-0.07831325301205183
0.12530120481927653
-2.3843373493975903
-1.5783132530120447
0.08313253012047994
0.6204819277108413
0.6975903614457835
1.6228915662650643
2.8795180722891587
2.02048192771084
2.497590361445784
-0.5361445783132552
-0.11445783132529996
1.0783132530120518
1.5096385542168704
-1.0457831325301186
-0.08554216867469755
-0.41566265060241037
-1.6795180722891576
-2.1746987951807224
-2.4698795180722897
0.13132530120481967
0.7060240963855406
2.9710843373493976
3.062650602409642
1.2192771084337348
1.201204819277109
2.6493975903614455
2.7325301204819272
-0.5650602409638559
-1.2915662650602417
-2.0168674698795197
-1.3518072289156624
0.14096385542168655
1.4373493975903617
1.9228915662650596
3.1096385542168665
1.8915662650602414
0.63012048192771
-1.4012048192771083
-4.289156626506024
-4.975903614457831
-5.355421686746987
-3.839759036144579
-3.9397590361445793
-4.018072289156626
-3.443373493975903
-0.8036144578313245
-0.5325301204819279
0.8831325301204824
1.4445783132530128
2.4313253012048186
1.6518072289156631
-0.26024096385541995
0.4349397590361441
-1.4530120481927717
-4.613253012048194
-6.336144578313253
-6.897590361445784
-7.2373493975903616
-4.457831325301205
-3.5445783132530115
-2.313253012048193
-2.2084337349397583
-5.138554216867471
-4.985542168674698
-3.021686746987952
-1.6144578313253017
0.08313253012048172
0.7457831325301205
1.4000000000000004
1.3530120481927712
1.766265060240964
1.9807228915662654
0.07349397590361484
-1.6867469879518073
-1.1253012048192765
0.14096385542168743
-1.2000000000000002
0.024096385542168974
-0.5108433734939761
-1.8951807228915662
-3.453012048192771
-1.6506024096385543
-2.595180722891566
-2.0445783132530124
-1.3879518072289156
-1.5457831325301208
-1.0542168674698795
-0.6277108433734937
0.7277108433734942
0.6144578313253013
-2.0289156626506024
-2.230120481927711
-0.7012048192771085
-0.13734939759036147
0.889156626506024
0.26385542168674725
-3.7626506024096384
-3.0385542168674697
-1.9313253012048193
-4.598795180722892
-2.8734939759036147
-2.7216867469879515
-6.248192771084337
-8.442168674698795
-3.3481927710843373
-0.7313253012048194
-1.4987951807228916
0.8626506024096385
