0.9361445783132529
-0.13734939759036136
-2.5349397590361447
-0.8783132530120483
0.691566265060241
1.1
1.3012048192771086
-1.8240963855421688
-2.13855421686747
-1.6048192771084338
-0.32289156626506044
-0.16385542168674694
0.6493975903614457
-0.010843373493975905
0.5903614457831323
-1.0674698795180722
-0.5168674698795181
0.1433734939759037
-1.083132530120482
-0.4566265060240965
-2.1349397590361447
-1.6265060240963856
-1.4518072289156627
-0.6493975903614458
-1.4228915662650603
-1.9795180722891565
-1.4048192771084338
0.01927710843373487
0.3457831325301206
2.878313253012048
5.199999999999999
3.579518072289156
0.610843373493976
-0.7602409638554217
-1.7927710843373494
-1.3216867469879519
-1.6963855421686749
-0.5253012048192769
-0.3457831325301206
0.5698795180722893
-0.11084337349397622
0.07951807228915664
0.2506024096385544
0.383132530120482
-0.21325301204819258
0.23373493975903603
2.0843373493975905
3.257831325301205
4.6578313253012045
1.1879518072289161
1.181927710843374
-2.0433734939759036
-5.104819277108434
-5.33855421686747
-4.189156626506024
-4.596385542168675
-2.7602409638554217
-2.7204819277108436
-1.375903614457831
0.4180722891566262
1.0602409638554215
0.2686746987951807
-0.10602409638554189
1.1168674698795185
-0.8614457831325302
-2.1409638554216865
-1.7361445783132536
-1.3253012048192767
-1.104819277108433
-0.15421686746987895
-1.9975903614457842
-0.2939759036144576
-1.1349397590361434
-3.0987951807228917
-2.5072289156626493
-2.6240963855421686
-2.469879518072289
-1.4831325301204803
-3.437349397590361
-2.6192771084337343
-2.6156626506024097
-2.6951807228915676
-2.637349397590361
-2.9554216867469867
-1.2108433734939759
-0.4060240963855417
-0.6240963855421686
-1.1084337349397586
-0.5530120481927714
-0.8771084337349393
-1.353012048192772
0.507228915662651
1.4385542168674714
2.8349397590361445
3.0927710843373486
3.4542168674698797
2.572289156626505
1.6132530120481938
2.090361445783131
0.8879518072289159
-0.14216867469879446
0.6096385542168683
-2.532530120481928
-3.598795180722891
-3.9903614457831322
-3.904819277108434
-1.4144578313253007
0.6674698795180714
-1.1409638554216865
-2.063855421686746
-2.4722891566265073
-2.0204819277108417
-2.312048192771085
-6.074698795180723
-3.7301204819277096
-2.9096385542168672
-0.7385542168674704
-1.0819277108433738
-0.5903614457831328
-3.183132530120483
-2.9409638554216873
-2.134939759036145
-1.4385542168674714
-1.5951807228915644
-3.0277108433734927
-2.096385542168674
-1.9216867469879517
-4.990361445783133
-3.896385542168673
-2.693975903614458
-1.5361445783132535
-0.6734939759036163
-0.37108433734939616
0.7060240963855442
1.79156626506024
2.069879518072291
1.774698795180722
1.5457831325301186
1.7843373493975925
2.6819277108433752
1.6759036144578303
2.16626506024096
0.5710843373493972
0.18915662650602272
-0.9192771084337359
-0.024096385542168974
1.1072289156626525
1.868674698795182
2.6301204819277118
2.045783132530122
1.8132530120481931
2.3349397590361427
2.692771084337352
3.3036144578313227
4.361445783132531
3.9903614457831296
3.592771084337347
3.653012048192771
4.040963855421687
3.5927710843373504
3.3024096385542165
1.6108433734939744
-1.5108433734939766
-3.3734939759036138
-1.9144578313253007
-1.2722891566265062
-0.6192771084337352
1.1771084337349436
0.44337349397590486
-0.8746987951807235
-0.5012048192771061
0.7168674698795172
1.3445783132530131
1.2987951807228875
1.5289156626506006
3.0518072289156635
2.4638554216867448
-0.8554216867469897
-0.27831325301204757
0.7024096385542187
0.2855421686746986
1.1542168674698772
1.8012048192771068
2.450602409638556
2.2759036144578317
3.2674698795180745
4.574698795180723
6.210843373493972
4.750602409638553
3.781927710843373
4.43855421686747
5.5036144578313255
5.47951807228916
2.195180722891564
1.6831325301204814
2.2951807228915655
2.4879518072289137
1.7144578313253014
0.8722891566265076
-0.21927710843373305
0.6409638554216883
1.3915662650602378
1.6542168674698807
-0.45421686746988144
-3.490361445783133
-1.5156626506024082
-1.0650602409638559
-3.1204819277108413
-5.462650602409639
-3.3277108433734917
-1.4843373493975882
-3.610843373493978
-1.9987951807228939
-0.9963855421686745
-3.053012048192773
-2.691566265060242
-1.32289156626506
-3.5180722891566276
-3.959036144578313
-2.185542168674697
-0.5301204819277103
0.1566265060241001
0.5783132530120447
0.6000000000000014
1.0289156626506006
1.2626506024096393
0.04216867469879659
0.2650602409638587
-0.590361445783131
-0.5734939759036131
0.06746987951807171
-1.4843373493975918
-5.371084337349398
-5.008433734939761
-4.199999999999999
-2.3602409638554214
-1.913253012048191
-1.5783132530120483
-1.746987951807231
-2.3445783132530096
-1.7759036144578317
-1.3361445783132524
-2.5144578313252985
-1.9012048192771083
-0.37469879518072347
0.36265060240964075
1.4771084337349407
2.6265060240963862
0.9132530120481945
-1.3915662650602378
-0.14698795180722968
0.5855421686746993
0.8710843373493979
1.3746987951807235
1.8433734939759034
1.621686746987951
2.1253012048192765
2.1156626506024097
2.1216867469879546
1.6831325301204814
1.920481927710842
1.9975903614457842
2.4228915662650614
2.079518072289158
1.02048192771084
1.1975903614457835
-0.7361445783132545
0.08554216867469933
2.378313253012049
2.6096385542168683
1.1542168674698807
0.7144578313253032
-0.7156626506024111
0.020481927710841674
-0.5746987951807228
-0.669879518072289
-1.168674698795181
-3.1939759036144597
-3.928915662650601
-5.03734939759036
-2.880722891566265
-1.6987951807228914
-3.150602409638555
-2.8674698795180724
-1.3650602409638548
-1.991566265060241
-0.016867469879519703
-1.7518072289156628
-2.759036144578314
-3.362650602409639
-1.2771084337349397
0.40963855421686723
-0.008433734939758963
0.03012048192771033
0.9987951807228921
2.210843373493976
0.22409638554216826
-0.9554216867469876
-1.539759036144579
-1.539759036144579
-0.5180722891566258
0.7566265060240962
0.19638554216867554
-0.4325301204819283
-0.6168674698795176
-1.1554216867469869
-2.2686746987951816
-1.7481927710843372
-2.0602409638554207
-1.6650602409638564
-2.9530120481927717
-2.313253012048193
0.3638554216867469
1.0024096385542158
1.362650602409638
3.1421686746987945
3.055421686746989
1.886746987951807
-1.008433734939758
0.7614457831325296
-0.7855421686746977
-0.4216867469879517
0.08554216867469844
0.38313253012048154
-0.8542168674698791
-1.4
1.2530120481927716
2.566265060240964
3.280722891566266
3.773493975903614
5.2132530120481935
5.674698795180723
4.840963855421687
3.5
4.024096385542169
3.7891566265060237
4.604819277108433
2.7469879518072293
0.749397590361446
0.004819277108433884
1.8554216867469875
2.6120481927710846
3.9542168674698788
2.3457831325301206
1.5722891566265065
-0.572289156626506
-0.3855421686746987
-0.2289156626506026
-1.230120481927711
0.09879518072289173
1.8626506024096383
3.889156626506024
1.563855421686747
-0.16265060240963836
1.26144578313253
-0.8313253012048192
-2.1987951807228914
-2.0734939759036144
-0.9216867469879517
0.7518072289156623
0.05783132530120483
0.35180722891566263
1.7686746987951805
-1.0987951807228915
-1.7373493975903616
