2.536144578313253
2.7626506024096384
4.265060240963856
3.2216867469879515
-0.10843373493975905
-1.1
-1.4987951807228916
-0.32409638554216874
-1.0385542168674697
-1.0048192771084337
-2.7228915662650603
-3.063855421686747
-1.0506024096385542
0.4891566265060241
0.2903614457831325
0.6325301204819278
1.083132530120482
0.5433734939759036
-0.4831325301204819
0.04337349397590351
-0.3349397590361446
-0.5265060240963856
-0.5518072289156627
0.9506024096385544
-0.022891566265060392
-0.6795180722891567
-0.30481927710843393
0.3192771084337349
-1.5542168674698795
-0.6216867469879517
-0.7999999999999998
-0.5204819277108435
-1.2891566265060241
-0.3602409638554216
1.0072289156626506
1.6783132530120484
1.6036144578313252
1.5746987951807232
0.2542168674698795
2.369879518072289
2.6891566265060236
0.9795180722891565
-1.4493975903614458
-2.116867469879518
-3.013253012048193
-3.066265060240964
-3.91566265060241
-3.6421686746987953
-3.5421686746987953
-2.7120481927710838
-2.818072289156626
-2.6433734939759033
-2.104819277108434
-2.53855421686747
-1.689156626506024
-0.6963855421686751
-0.4602409638554219
-0.8204819277108433
-0.8759036144578309
0.21807228915662602
0.7602409638554217
-0.5313253012048191
0.3939759036144581
-1.1831325301204814
0.13855421686746983
0.8590361445783135
-1.3361445783132533
-3.2253012048192766
-4.304819277108433
-3.754216867469879
-3.997590361445784
-2.9939759036144578
-3.7349397590361435
-2.998795180722892
-2.0072289156626493
-1.824096385542168
-1.2698795180722886
-2.4831325301204803
-2.337349397590361
-3.419277108433734
-2.31566265060241
-1.095180722891568
-1.8373493975903612
-1.4554216867469867
-2.5108433734939766
-1.306024096385542
-1.024096385542169
-1.508433734939759
-0.3530120481927703
-1.5771084337349404
-3.853012048192772
-4.292771084337349
-4.161445783132529
-4.565060240963856
-4.207228915662651
-2.64578313253012
-2.127710843373496
-0.1867469879518069
-1.209638554216868
-2.112048192771084
-2.1421686746987945
-1.590361445783131
-0.8325301204819269
0.3012048192771086
0.1096385542168683
0.9951807228915666
-1.9144578313253007
-1.9325301204819283
-2.040963855421687
-1.363855421686747
-0.07228915662650692
1.579518072289158
2.187951807228915
2.6253012048192783
0.16987951807229074
0.3903614457831335
1.461445783132529
-0.6819277108433734
-5.290361445783133
-6.483132530120483
-5.340963855421686
-4.0349397590361455
-2.4385542168674714
-1.8951807228915651
-0.027710843373492722
-0.19638554216867377
-0.3216867469879521
-0.3903614457831335
-2.7963855421686734
-4.393975903614459
-3.936144578313254
-3.6734939759036163
-3.871084337349396
-4.293975903614456
-5.20843373493976
-4.13012048192771
-4.425301204819277
-4.25421686746988
-3.815662650602409
-5.418072289156626
-4.124096385542169
-4.133734939759039
-4.9289156626506045
-4.310843373493977
-3.619277108433735
-4.324096385542168
-5.492771084337349
-5.931325301204819
-7.169879518072287
-5.754216867469879
-4.086746987951809
-2.9650602409638562
-2.2072289156626503
-2.9963855421686763
-4.638554216867469
-7.809638554216869
-6.707228915662652
-6.2469879518072275
-4.959036144578315
-3.2072289156626503
-2.6975903614457835
-2.6891566265060227
-1.8108433734939773
-1.1734939759036145
-0.21445783132529783
0.2277108433734938
-1.5192771084337373
-0.9228915662650579
-0.656626506024093
0.22530120481927796
0.5987951807228917
0.5168674698795179
0.544578313253016
1.1987951807228896
-0.37108433734939794
-2.648192771084336
-0.23614457831325453
-0.25542168674699184
-1.5783132530120447
-1.2975903614457813
-2.6144578313253
-0.8457831325301228
-0.09879518072289173
-1.249397590361447
-3.324096385542166
-3.832530120481927
-2.3253012048192794
-0.489156626506027
-1.6493975903614455
0.0819277108433738
2.238554216867467
3.0036144578313255
2.579518072289158
2.495180722891565
2.6831325301204814
1.2951807228915655
0.9879518072289137
-2.6855421686747007
-1.7277108433734938
-0.11927710843373518
-0.05903614457831452
1.4915662650602393
2.7542168674698786
3.245783132530118
3.209638554216866
0.8843373493975903
-1.2650602409638587
-0.8204819277108442
-1.2626506024096358
-0.32771084337349166
1.6156626506024097
1.6891566265060227
0.9012048192771083
1.6036144578313234
2.0469879518072283
3.4084337349397593
2.277108433734938
-1.218072289156627
-1.459036144578313
-2.485542168674698
-5.03012048192771
-5.643373493975901
-3.321686746987954
-2.5
-2.4710843373493994
-3.0373493975903614
-2.4578313253012034
-2.2349397590361413
-2.490361445783133
-2.073493975903613
-1.6325301204819276
-1.4843373493975918
-1.871084337349398
-1.20843373493976
-1.3000000000000007
-2.5602409638554207
-2.313253012048193
-1.378313253012049
-1.246987951807231
-1.0445783132530089
-0.8759036144578332
-0.036144578313251685
0.6855421686747007
1.8987951807228924
2.3253012048192794
1.9626506024096386
-0.022891566265059282
-0.8734939759036138
-4.186746987951807
-5.091566265060239
-4.446987951807229
-3.6144578313253017
-2.9289156626506028
-3.4253012048192772
-2.356626506024096
-0.878313253012049
-1.1746987951807242
-3.48433734939759
-3.5783132530120465
-1.7168674698795208
-2.6795180722891576
-1.902409638554218
-1.5771084337349368
-0.12048192771084132
-1.6795180722891594
-4.202409638554215
-3.5361445783132535
-3.814457831325301
-4.221686746987949
-3.7903614457831303
-2.745783132530118
-0.18554216867469897
-0.7156626506024111
-0.3795180722891569
-0.774698795180722
-5.169879518072289
-4.96867469879518
-0.9939759036144586
-2.5289156626506024
-2.3373493975903603
-2.880722891566265
-1.8987951807228907
-1.8506024096385563
-0.6674698795180731
0.3349397590361445
1.2084337349397583
1.1831325301204796
0.34819277108433866
0.6409638554216865
0.23734939759036244
0.02289156626506106
0.5096385542168669
0.6915662650602403
1.63012048192771
-0.0012048192771079158
-0.1891566265060245
0.8240963855421679
1.3445783132530131
1.7602409638554217
1.960240963855421
0.6819277108433734
0.45662650602409727
-1.4036144578313259
-1.6325301204819294
-1.016867469879518
-1.1554216867469869
-2.4686746987951818
-2.1481927710843376
-1.5602409638554207
0.4349397590361441
1.7469879518072293
1.6867469879518069
1.0638554216867462
1.4024096385542162
0.4626506024096395
0.9421686746987952
-0.14457831325301207
-2.2132530120481935
-0.10843373493975861
0.8614457831325302
0.3144578313253019
-1.2216867469879515
0.8855421686746983
-0.9168674698795183
-0.2542168674698795
-1.0
1.2530120481927716
2.3662650602409645
1.6807228915662655
3.273493975903614
4.113253012048192
-0.3253012048192767
-1.5590361445783127
-1.7999999999999998
-0.07590361445783067
2.2891566265060237
3.604819277108434
3.7469879518072293
1.3493975903614457
0.3048192771084337
0.3554216867469875
-1.2879518072289156
-1.6457831325301209
-0.35421686746987957
1.5722891566265065
1.9277108433734944
2.8144578313253015
2.6710843373493978
0.8698795180722891
2.498795180722891
2.7626506024096384
3.9891566265060243
4.763855421686747
2.4373493975903617
0.9614457831325303
0.6686746987951806
-0.19879518072289137
-2.373493975903614
-2.621686746987952
-2.0481927710843375
-1.6421686746987951
-1.9481927710843374
-2.2313253012048193
-2.8987951807228916
-4.937349397590361
