4.436144578313254
3.4626506024096386
4.465060240963855
2.021686746987952
2.291566265060241
5.1
5.901204819277108
3.0759036144578316
0.3614457831325302
-0.9048192771084337
0.6771084337349396
1.536144578313253
2.049397590361446
3.589156626506024
4.390361445783133
4.432530120481928
3.6831325301204823
3.743373493975904
5.116867469879518
5.343373493975903
4.865060240963855
2.1734939759036145
3.448192771084337
0.9506024096385544
0.4771084337349396
1.4204819277108431
1.4951807228915661
3.3192771084337345
4.54578313253012
4.078313253012048
2.1999999999999997
-0.2204819277108434
0.5108433734939759
0.8397590361445784
0.6072289156626507
2.3783132530120485
1.7036144578313248
3.674698795180723
0.2542168674698795
1.169879518072289
0.4891566265060239
0.7795180722891568
2.1506024096385543
3.183132530120482
-0.6132530120481925
0.733734939759036
0.6843373493975902
0.8578313253012047
1.8578313253012047
1.987951807228916
2.681927710843374
0.3566265060240963
0.19518072289156585
-0.33855421686747
0.41084337349397604
-0.8963855421686753
-1.6602409638554216
-0.8204819277108433
-0.975903614457831
-2.2819277108433735
-2.139759036144578
-3.031325301204819
-2.2060240963855424
-0.9831325301204821
-0.3614457831325302
-0.9409638554216864
-0.8361445783132533
-2.6253012048192765
-3.0048192771084334
-1.4542168674698788
0.0024096385542158316
1.4060240963855426
1.1650602409638564
1.4012048192771083
0.7927710843373497
1.3759036144578314
0.6301204819277118
-1.0831325301204808
-0.43734939759036084
0.8807228915662666
2.2843373493975907
0.5048192771084317
1.162650602409638
1.6445783132530138
2.089156626506023
1.4939759036144586
0.27590361445782996
-0.10843373493975861
-2.5530120481927714
-2.2771084337349397
-1.9530120481927717
-2.492771084337349
-1.66144578313253
-1.1650602409638555
-1.007228915662651
-0.14578313253011999
-0.5277108433734945
0.3132530120481931
0.49036144578313134
1.4879518072289173
0.7578313253012059
0.1096385542168683
0.8674698795180724
1.5012048192771097
-0.790361445783132
-1.104819277108433
0.2855421686746986
1.1674698795180714
2.5590361445783127
1.8361445783132542
2.3277108433734917
2.079518072289158
1.7879518072289144
-2.274698795180722
-2.63012048192771
-1.1096385542168665
0.061445783132528575
0.2180722891566269
0.5096385542168669
0.9168674698795165
0.4590361445783131
0.26506024096385516
-0.03855421686747107
-0.19518072289156585
0.8722891566265076
2.703614457831325
3.378313253012047
2.6096385542168665
2.903614457831326
1.90602409638554
-0.23614457831325275
-0.7734939759036159
-1.5710843373493955
0.4060240963855435
1.4915662650602393
1.069879518072291
0.47469879518072133
-0.054216867469879304
-0.9156626506024086
-0.9180722891566262
-1.6240963855421686
-1.933734939759038
-0.9289156626506028
-0.4108433734939787
1.1807228915662655
1.5759036144578324
-0.29277108433734966
-2.53132530120482
-2.169879518072287
-0.85421686746988
-0.586746987951809
0.3349397590361427
-0.007228915662651048
0.5036144578313255
0.36144578313253106
-5.00963855421687
-5.807228915662652
-6.346987951807229
-3.8590361445783152
-2.507228915662651
-1.1975903614457835
-0.28915662650602414
-1.610843373493978
-1.073493975903613
-1.1144578313253
-0.7722891566265062
-0.7192771084337366
-1.5228915662650593
-2.856626506024096
-2.0746987951807228
-1.0012048192771061
-2.1831325301204814
-0.8554216867469862
0.29879518072288747
-2.4710843373493994
-2.2481927710843372
-2.7361445783132545
-3.3554216867469897
-2.8783132530120454
-1.7975903614457813
-0.8144578313253028
-2.545783132530122
-1.798795180722891
-3.1493975903614455
-2.124096385542167
-0.43253012048192474
0.47469879518072133
-0.5891566265060248
-0.24939759036144693
0.18192771084337522
0.2385542168674668
1.1036144578313234
0.1795180722891594
-1.1048192771084366
-0.016867469879517927
-2.7048192771084345
-4.112048192771084
-3.2855421686746986
-1.427710843373493
-0.11927710843373518
0.5409638554216869
1.1915662650602385
2.1542168674698807
2.4457831325301207
1.1096385542168683
0.2843373493975925
1.4349397590361441
1.7795180722891573
1.5373493975903614
1.2722891566265062
-0.5843373493975896
-0.010843373493976571
-0.09879518072289173
0.9036144578313241
0.7469879518072275
-1.9915662650602393
-2.5228915662650593
-1.3180722891566283
-1.059036144578311
0.4144578313253007
1.9698795180722897
2.6566265060241
2.478313253012047
2.1000000000000014
2.5289156626506006
2.8626506024096408
3.0421686746987966
3.565060240963856
3.409638554216869
3.526506024096385
3.0674698795180717
1.6156626506024097
-1.6710843373493987
-3.5084337349397607
-3.3000000000000007
-3.0602409638554207
-2.0132530120481924
-3.0783132530120483
-1.246987951807231
0.055421686746988996
-0.5759036144578324
-1.0361445783132517
0.2855421686746986
0.49879518072289386
-0.37469879518072347
-1.837349397590362
-1.1228915662650572
0.7265060240963841
2.813253012048193
1.20843373493976
-0.9469879518072304
-1.8144578313253028
-0.6289156626506021
0.774698795180722
0.8433734939759034
-0.4783132530120504
-4.374698795180725
-5.08433734939759
-5.0783132530120465
-3.716867469879519
-2.2795180722891573
-1.902409638554218
-1.5771084337349368
-1.1204819277108413
-0.3795180722891587
-0.10240963855421725
-0.03614457831325524
1.3855421686747
2.078313253012052
2.1096385542168683
2.754216867469882
3.1144578313253017
2.3843373493975903
2.3204819277108424
1.7253012048192762
2.3301204819277093
0.03132530120482002
-0.5939759036144583
0.6710843373493987
-0.2373493975903589
-0.7807228915662652
-0.6987951807228914
-0.7506024096385566
1.2325301204819272
2.134939759036145
2.9084337349397575
3.5831325301204817
4.548192771084338
3.6409638554216848
4.537349397590363
4.42289156626506
4.009638554216869
3.1915662650602403
1.0301204819277103
1.7987951807228928
0.9108433734939769
1.324096385542168
1.2445783132530135
1.2602409638554217
1.26024096385542
1.3819277108433745
1.9566265060240973
0.6963855421686755
-1.1325301204819294
-2.6168674698795185
-2.555421686746987
-1.9686746987951818
-3.348192771084337
-6.060240963855421
-6.765060240963856
-5.453012048192772
-3.2132530120481935
-2.8361445783132533
-2.797590361445784
-1.0373493975903614
-1.3578313253012055
-1.644578313253012
-1.113253012048193
0.4915662650602419
-0.5385542168674702
-0.9855421686746979
-0.4216867469879517
0.7855421686746986
-0.8168674698795186
-1.5542168674698793
-3.9
-6.046987951807229
-5.433734939759036
-5.519277108433735
-3.6265060240963853
-3.5867469879518072
-2.925301204819277
-1.459036144578313
-0.20000000000000018
2.524096385542169
3.7891566265060237
1.604819277108434
0.24698795180722888
2.1493975903614455
2.9048192771084334
0.25542168674698784
-0.8879518072289154
-1.745783132530121
-1.0542168674698795
1.7722891566265067
1.3277108433734939
0.4144578313253011
0.5710843373493972
1.3698795180722891
-1.8012048192771084
-3.0373493975903614
-2.0108433734939757
-0.9361445783132529
2.837349397590362
-0.2385542168674697
-1.2313253012048193
-0.6987951807228914
0.7265060240963854
2.478313253012048
1.3518072289156624
0.6578313253012049
0.5518072289156626
0.6686746987951806
0.001204819277108471
-0.6373493975903615
