-0.16385542168674694
0.06265060240963871
0.16506024096385552
-1.6783132530120484
-2.008433734939759
-1.4
-0.2987951807228916
1.9759036144578315
2.4614457831325303
1.7951807228915664
2.5771084337349395
4.0361445783132535
4.249397590361445
2.6891566265060245
2.4903614457831322
1.2325301204819277
0.6831325301204818
1.6433734939759035
1.4168674698795183
0.5433734939759034
-0.03493975903614466
-0.7265060240963855
-0.15180722891566267
-0.3493975903614458
-0.3228915662650603
0.2204819277108434
-0.6048192771084339
-0.9807228915662651
0.3457831325301206
0.9783132530120484
0.8999999999999999
2.1795180722891567
2.0108433734939757
1.3397590361445784
-0.09277108433734949
0.3783132530120481
0.5036144578313251
0.874698795180723
1.9542168674698792
1.4698795180722897
1.3891566265060238
0.2795180722891568
0.5506024096385542
2.9831325301204816
1.4867469879518072
2.5337349397590363
1.8843373493975903
1.6578313253012045
2.057831325301205
3.8879518072289163
4.281927710843373
3.8566265060240963
3.7951807228915664
3.7614457831325296
3.8108433734939764
2.903614457831325
2.539759036144578
0.3795180722891569
-0.7759036144578308
-0.18192771084337345
0.06024096385542155
-0.6313253012048188
1.3939759036144581
2.216867469879518
2.2385542168674695
2.3590361445783135
2.863855421686746
1.6746987951807233
1.4951807228915666
2.5457831325301203
3.8024096385542157
4.006024096385542
1.9650602409638571
0.3012048192771086
0.29277108433734966
1.5759036144578324
1.330120481927711
-0.18313253012048136
1.2626506024096393
2.1807228915662655
1.7843373493975907
1.3048192771084324
-0.7373493975903607
1.1445783132530138
3.389156626506024
4.293975903614458
4.27590361445783
3.991566265060241
4.346987951807229
4.22289156626506
1.646987951807228
1.6072289156626507
1.4385542168674714
0.13493975903614341
0.5927710843373486
-1.2457831325301196
-1.8277108433734952
0.21325301204819347
1.1903614457831324
1.8879518072289159
2.757831325301206
0.1096385542168683
-0.5325301204819279
-0.4987951807228903
2.1096385542168683
-0.4048192771084338
-1.9144578313253007
-1.1325301204819294
-1.3409638554216876
-0.46385542168674654
-2.3722891566265076
-4.120481927710843
-4.0120481927710845
-2.3746987951807217
-3.0301204819277103
-3.3096385542168676
-3.838554216867472
-4.6819277108433734
-1.790361445783132
-1.483132530120482
-0.44096385542168726
0.26506024096385516
1.16144578313253
2.004819277108435
2.572289156626507
3.703614457831325
0.7783132530120476
-0.9903614457831331
0.10361445783132694
-0.6939759036144579
-0.23614457831325275
-0.6734939759036163
0.42891566265060455
0.30602409638554207
-2.4084337349397593
-1.4301204819277107
-0.5253012048192787
0.9457831325301207
1.9843373493975918
1.9819277108433724
2.0759036144578324
2.66626506024096
1.4710843373493958
-0.010843373493976571
0.08072289156626411
0.6759036144578303
1.1072289156626525
1.5686746987951814
1.9301204819277125
1.2457831325301214
-0.38674698795180973
-0.8650602409638566
-1.607228915662649
-3.8963855421686766
-3.8385542168674682
-4.909638554216869
-4.807228915662652
-3.646987951807228
-3.659036144578314
-3.007228915662651
-1.7975903614457849
0.41084337349397515
0.18915662650602272
0.2265060240963841
0.9855421686747015
1.027710843373491
1.1807228915662655
-0.5228915662650593
0.6433734939759042
-0.37469879518072347
1.0987951807228917
2.216867469879517
0.24457831325301527
-1.1012048192771111
-1.5710843373493972
0.45180722891566205
0.6638554216867476
0.7445783132530082
-0.5783132530120447
-2.097590361445782
-0.8144578313253028
0.15421686746987717
-1.5987951807228917
-4.349397590361445
-5.324096385542166
-2.032530120481926
0.17469879518072062
1.1108433734939744
0.25060240963855307
0.7819277108433731
-1.1614457831325318
-1.8963855421686766
-1.1204819277108413
-0.004819277108435216
-0.8168674698795186
-2.504819277108435
-0.8120481927710834
-0.4855421686746979
-1.1277108433734924
-0.8192771084337345
-0.4590361445783131
0.29156626506023997
1.2542168674698786
2.8457831325301193
3.9096385542168655
1.8843373493975903
2.7349397590361413
1.579518072289158
1.1373493975903628
0.9722891566265055
1.0156626506024118
-0.9108433734939787
-3.2987951807228946
-3.6963855421686738
-3.853012048192774
-2.191566265060242
-1.1228915662650607
-0.7180722891566269
0.940963855421689
1.7144578313253014
0.9698795180722897
0.256626506024098
-1.1216867469879546
0.3000000000000007
1.628915662650602
1.7626506024096393
2.3421686746987973
2.6650602409638573
2.409638554216869
2.3265060240963855
1.767469879518071
2.5156626506024082
2.628915662650602
2.9915662650602393
3.6000000000000014
3.9397590361445793
4.286746987951808
2.2216867469879524
-0.4469879518072304
-1.944578313253011
-1.6759036144578303
-2.4361445783132503
-1.5144578313252985
-1.2012048192771054
-2.6746987951807206
-3.43734939759036
-4.422891566265058
-3.6734939759036145
-3.0867469879518055
-2.5915662650602407
-1.846987951807229
-3.2144578313253014
-1.7289156626506035
-1.5253012048192751
-1.3566265060240958
-1.878313253012049
-1.3746987951807235
-0.38433734939759034
0.9216867469879553
1.1831325301204814
3.0204819277108435
2.7975903614457813
2.9228915662650614
2.8795180722891587
2.920481927710842
2.797590361445785
2.063855421686746
1.5855421686746993
-0.02168674698794959
0.30963855421687114
-0.5457831325301186
-0.2855421686746986
-1.0156626506024118
-1.1795180722891576
-1.6746987951807224
-0.06987951807228932
-1.668674698795181
-3.0939759036144583
-1.8289156626506013
-0.43734939759035996
-4.4807228915662645
-3.298795180722891
-2.3506024096385563
-1.7674698795180728
-1.6650602409638555
-1.491566265060241
-1.216867469879519
-0.7518072289156628
-2.0590361445783145
-1.7626506024096376
-0.5771084337349404
-0.3903614457831335
0.79156626506024
0.5301204819277103
1.1987951807228914
1.6108433734939762
0.8240963855421679
1.7445783132530135
0.7602409638554217
0.960240963855421
0.5819277108433738
0.9566265060240973
0.7963855421686752
2.0674698795180717
1.283132530120481
1.8445783132530131
3.0313253012048182
1.951807228915662
-0.6602409638554203
-1.3650602409638566
-1.653012048192771
-2.5132530120481933
-0.8361445783132533
-1.0975903614457838
-1.9373493975903608
-2.757831325301206
-3.2445783132530117
-3.4132530120481936
-2.1084337349397586
-0.43855421686747054
-0.18554216867469808
-1.0216867469879514
-0.31445783132530103
1.0831325301204817
1.9457831325301207
3.000000000000001
0.5530120481927714
-1.233734939759036
-3.1192771084337343
-3.926506024096385
-4.086746987951807
-3.2253012048192766
-3.459036144578313
-5.5
-5.075903614457831
-4.610843373493976
-3.1951807228915663
-4.253012048192771
-4.250602409638554
-3.895180722891566
-4.244578313253013
-3.3879518072289154
-2.9457831325301207
-2.3542168674698796
-2.227710843373494
-2.7722891566265058
-1.5855421686746987
-0.7289156626506026
2.669879518072289
3.8987951807228916
8.162650602409638
6.489156626506024
8.063855421686746
4.137349397590362
6.56144578313253
6.86867469879518
5.401204819277108
1.2265060240963854
0.5783132530120483
-0.1481927710843376
0.3578313253012049
-1.5481927710843373
-2.8313253012048194
-4.098795180722892
-4.2373493975903616
