4.136144578313253
1.1626506024096388
1.9650602409638556
3.7216867469879515
3.491566265060241
0.4
0.4012048192771084
0.9759036144578314
0.9614457831325303
2.495180722891566
5.37710843373494
6.0361445783132535
5.1493975903614455
2.789156626506024
2.3903614457831326
0.33253012048192776
-2.516867469879518
-2.3566265060240963
-1.283132530120482
0.5433734939759034
-0.9349397590361446
-1.0265060240963855
-1.4518072289156627
-2.049397590361446
-1.5228915662650604
-1.4795180722891568
-1.9048192771084338
-1.8807228915662653
-1.7542168674698795
-2.021686746987952
-0.7999999999999998
-2.5204819277108435
-3.589156626506024
-3.7602409638554217
-3.692771084337349
-4.721686746987952
-6.096385542168675
-7.725301204819276
-5.445783132530121
-3.8301204819277106
-2.610843373493976
-4.720481927710843
-5.549397590361446
-4.816867469879519
-5.313253012048193
-4.566265060240964
-2.91566265060241
-1.4421686746987954
-0.7421686746987954
-0.8120481927710839
-0.9180722891566262
0.656626506024097
1.395180722891566
2.0614457831325295
3.0108433734939757
4.0036144578313255
3.839759036144579
4.179518072289156
3.6240963855421686
3.0180722891566267
3.160240963855422
3.168674698795181
3.893975903614458
4.216867469879519
4.338554216867469
4.759036144578314
5.563855421686747
5.274698795180724
3.4951807228915674
3.0457831325301203
3.4024096385542153
3.306024096385543
2.6650602409638564
2.4012048192771083
1.892771084337351
1.475903614457831
2.9301204819277107
2.91686746987952
4.562650602409638
3.780722891566265
3.5843373493975896
1.8048192771084324
3.4626506024096386
2.144578313253014
1.4891566265060234
1.4939759036144586
-1.1240963855421686
-2.808433734939759
-3.0530120481927714
-2.7771084337349397
-2.153012048192771
-0.19277108433734824
2.33855421686747
1.6349397590361434
-0.8072289156626518
1.2542168674698804
1.7722891566265044
1.6132530120481938
1.6903614457831324
2.387951807228916
0.8578313253012055
1.6096385542168683
0.7674698795180728
0.9012048192771083
1.3096385542168676
1.895180722891567
-3.9144578313253007
-8.03253012048193
-4.6409638554216865
-6.163855421686746
-5.6722891566265075
-6.120481927710842
-5.412048192771085
-5.474698795180722
-5.63012048192771
-3.6096385542168665
-2.7385542168674704
-2.3819277108433745
-1.3903614457831335
-0.4831325301204821
-1.7409638554216862
-3.234939759036145
-2.538554216867471
-5.395180722891565
-6.227710843373492
-5.596385542168674
-5.321686746987952
-3.1903614457831324
-3.6963855421686738
-4.493975903614459
-4.736144578313253
-1.6734939759036163
-2.371084337349396
-1.8939759036144572
-1.1084337349397586
-4.930120481927711
-4.225301204819278
-2.5542168674698793
-2.5156626506024082
-3.018072289156626
-1.024096385542169
1.1662650602409599
1.7710843373493965
-2.8108433734939773
-3.8192771084337362
-1.2240963855421683
-2.8927710843373475
-1.131325301204818
-0.36987951807228825
-0.6542168674698772
0.413253012048191
1.6349397590361434
0.3927710843373511
-1.1963855421686773
-2.5385542168674675
-4.50963855421687
-5.407228915662651
-5.546987951807228
-0.6590361445783159
0.5927710843373504
0.20240963855421512
0.010843373493976571
0.9891566265060234
1.5265060240963848
0.8855421686747
1.3277108433734917
2.2807228915662634
-1.8228915662650564
-3.656626506024093
-3.3746987951807235
-4.101204819277108
-2.283132530120483
0.04457831325301598
1.8987951807228889
3.4289156626506028
4.151807228915661
4.163855421686748
1.0445783132530089
-1.6783132530120461
-1.597590361445782
-2.4144578313253007
-0.3457831325301228
1.5012048192771097
2.950602409638556
4.5759036144578324
5.167469879518073
5.674698795180721
6.110843373493974
5.750602409638553
4.981927710843376
3.0385542168674675
4.903614457831324
6.179518072289159
5.2951807228915655
1.8831325301204807
2.195180722891564
2.887951807228916
1.014457831325302
0.9722891566265055
2.280722891566267
3.1409638554216883
3.29156626506024
1.1542168674698807
2.5457831325301186
1.5096385542168669
-1.9156626506024068
-2.3650602409638566
-1.0204819277108435
-1.0626506024096365
0.8722891566265076
1.715662650602411
-3.110843373493978
-1.8987951807228924
1.2036144578313248
2.146987951807226
2.20843373493976
2.8771084337349393
3.081927710843374
4.540963855421687
4.414457831325301
3.4698795180722897
4.756626506024098
5.278313253012048
4.300000000000001
4.328915662650601
2.4626506024096386
2.3421686746987973
3.2650602409638587
3.6096385542168683
3.426506024096387
0.16746987951807313
0.9156626506024104
1.7289156626506035
3.3915662650602414
4.5
5.039759036144577
5.486746987951808
5.321686746987954
5.253012048192769
3.455421686746991
1.9240963855421676
0.1638554216867476
0.5855421686746993
1.5987951807228917
2.0253012048192787
2.8626506024096408
3.077108433734942
3.6265060240963862
4.313253012048193
4.008433734939761
0.9530120481927717
1.2855421686746986
1.9710843373493994
3.0746987951807228
1.243373493975902
-0.9783132530120504
1.0253012048192751
1.315662650602409
2.021686746987953
2.6831325301204814
4.420481927710842
3.8975903614457827
3.4228915662650614
3.579518072289158
2.720481927710839
3.6975903614457835
2.4638554216867448
2.8855421686747
2.1783132530120497
1.0096385542168704
-1.0457831325301186
-0.4855421686746979
1.284337349397589
0.8204819277108424
0.8253012048192776
0.7301204819277114
-0.36867469879518033
-0.1939759036144597
-0.5289156626506024
-1.1373493975903592
-0.48072289156626447
-0.5987951807228917
0.24939759036144338
0.33253012048192687
1.1349397590361452
0.40843373493975754
-0.11686746987951935
0.6481927710843376
-0.6590361445783142
-0.4626506024096386
1.022891566265061
-1.1903614457831324
-2.008433734939759
-4.56987951807229
-4.701204819277108
-5.089156626506024
-3.975903614457831
-3.555421686746987
-3.039759036144579
-2.6397590361445804
-2.3180722891566266
-2.143373493975904
-3.0036144578313255
-3.6325301204819285
-4.216867469879518
-4.055421686746987
-3.168674698795181
-2.1481927710843376
-1.9602409638554201
-1.9650602409638562
-2.7530120481927716
-2.0132530120481933
-2.636144578313253
-1.0975903614457838
-4.437349397590362
-1.8578313253012055
-0.5445783132530115
0.686746987951806
-2.9084337349397584
-0.03855421686747018
1.6144578313253017
-1.621686746987952
-0.11445783132530174
1.3831325301204815
1.6457831325301209
1.1000000000000005
0.15301204819277103
1.766265060240964
1.3807228915662657
-0.3265060240963855
0.7132530120481926
-0.6253012048192765
-0.5590361445783127
-1.1
-1.875903614457831
-2.0108433734939757
-2.7951807228915664
-4.253012048192771
-3.8506024096385545
-2.7951807228915664
-2.9445783132530123
-4.187951807228916
-4.945783132530121
-4.65421686746988
-5.027710843373494
-5.172289156626507
-4.685542168674699
-3.6289156626506025
-3.130120481927711
-3.4012048192771083
-3.2373493975903616
-1.4108433734939758
-0.736144578313253
-0.6626506024096384
-1.3385542168674698
2.1686746987951806
2.301204819277109
1.8265060240963855
1.1783132530120484
-1.2481927710843377
1.857831325301205
2.0518072289156626
-1.4313253012048195
-1.1987951807228916
0.26265060240963867
