-1.363855421686747
-0.9373493975903614
-0.3349397590361445
-0.3783132530120483
-0.7084337349397591
-0.20000000000000007
-0.4987951807228916
1.9759036144578315
3.36144578313253
4.095180722891566
2.67710843373494
0.736144578313253
-0.6506024096385542
-1.010843373493976
-0.10963855421686763
0.6325301204819278
1.083132530120482
0.6433734939759037
-0.38313253012048193
-0.5566265060240965
-2.0349397590361447
-2.1265060240963853
-0.7518072289156627
1.2506024096385542
4.67710843373494
2.120481927710843
0.19518072289156607
-0.6807228915662651
-0.054216867469879526
1.9783132530120484
1.7000000000000002
0.9795180722891565
1.710843373493976
0.23975903614457827
2.0072289156626506
2.778313253012048
2.8036144578313253
1.374698795180723
0.7542168674698795
0.06987951807228932
2.4891566265060243
-0.1204819277108431
1.0506024096385542
2.883132530120482
4.686746987951807
2.0337349397590363
2.3843373493975903
1.6578313253012045
-2.0421686746987953
-3.2120481927710838
-3.318072289156626
-3.543373493975903
-1.2048192771084336
0.16144578313253
2.210843373493976
2.203614457831325
2.9397590361445785
1.1795180722891567
1.8240963855421688
1.9180722891566262
1.960240963855422
1.668674698795181
2.0939759036144574
2.6168674698795176
5.338554216867469
2.759036144578314
2.6638554216867467
1.7746987951807238
0.49518072289156656
-0.054216867469879304
-0.09759036144578381
0.4060240963855426
2.265060240963856
3.001204819277108
2.392771084337351
0.3759036144578314
-1.169879518072289
-1.283132530120481
2.1626506024096397
3.1807228915662655
1.98433734939759
0.6048192771084331
-1.7373493975903616
-4.055421686746987
-3.8108433734939764
-3.0060240963855422
-2.1240963855421695
-1.6084337349397586
-2.653012048192771
-2.67710843373494
-2.9530120481927717
-3.992771084337349
-2.661445783132529
-0.3650602409638566
-1.1072289156626507
-0.9457831325301189
-1.127710843373496
-0.1867469879518069
-0.009638554216868656
0.08795180722891693
-0.6421686746987945
-0.3903614457831317
-0.03253012048192794
-0.6987951807228914
-3.1903614457831324
-5.204819277108434
-3.4144578313253007
-3.3325301204819286
0.2590361445783138
4.336144578313252
0.027710843373492722
-0.3204819277108424
-0.5120481927710845
0.42530120481927725
2.86987951807229
4.5903614457831345
4.161445783132528
3.0180722891566276
0.10963855421686652
-1.3831325301204824
-0.7409638554216862
-0.33493975903614626
0.5614457831325286
2.4048192771084356
2.572289156626507
2.703614457831325
2.7783132530120493
2.4096385542168672
2.5036144578313273
1.90602409638554
1.6638554216867458
0.7265060240963823
1.7289156626506053
3.4060240963855435
4.691566265060242
5.069879518072291
5.174698795180721
4.445783132530121
-0.11566265060240966
-3.018072289156626
-2.1240963855421686
-3.5337349397590394
-1.7289156626506035
-0.11084337349397799
0.8807228915662648
1.5759036144578324
2.3072289156626518
2.6686746987951793
1.1301204819277118
1.3457831325301228
0.3132530120481931
0.6349397590361434
0.5927710843373504
-0.19638554216867732
-1.5385542168674675
-2.7096385542168697
-4.007228915662651
-4.346987951807229
-4.0590361445783145
-2.507228915662651
-2.5975903614457856
-2.789156626506024
-2.110843373493978
-1.073493975903613
0.38554216867470004
1.427710843373493
1.1807228915662655
1.2771084337349414
0.44337349397590486
-4.174698795180724
-3.7012048192771054
-4.483132530120482
-4.455421686746984
-3.3012048192771104
-3.4710843373493994
-2.9481927710843365
-1.7361445783132545
-2.055421686746989
-1.7783132530120476
-2.2975903614457813
-1.6144578313253
-3.2457831325301214
-3.198795180722893
-1.249397590361447
-2.124096385542167
-6.2325301204819255
-5.725301204819278
-3.8891566265060256
-2.849397590361445
-3.3180722891566248
-2.361445783132531
-4.596385542168676
-4.02048192771084
-2.504819277108435
-1.516867469879518
-0.2048192771084345
0.6879518072289166
-0.5855421686746993
0.7722891566265062
1.6807228915662655
1.8409638554216876
1.0915662650602407
-0.04578313253012212
0.64578313253012
1.1096385542168683
1.684337349397591
2.034939759036142
2.4795180722891565
2.237349397590364
1.7722891566265062
1.8156626506024125
2.5891566265060213
1.8012048192771068
2.5036144578313255
2.446987951807227
2.20843373493976
2.67710843373494
3.1819277108433717
3.540963855421687
4.314457831325303
4.369879518072288
-0.5433734939759027
-1.4216867469879553
-0.09999999999999787
0.12891566265060206
-0.03734939759036138
-1.857831325301202
-0.8349397590361427
0.3096385542168676
1.0265060240963848
2.8674698795180724
3.6156626506024097
2.9289156626506028
2.5915662650602407
1.8000000000000007
2.7397590361445765
3.3867469879518097
3.621686746987951
4.05301204819277
4.055421686746989
1.7240963855421683
0.263855421686749
0.6855421686747007
-1.6012048192771076
-2.1746987951807206
-1.7373493975903607
-2.122891566265057
-3.6734939759036145
-3.9867469879518076
-3.4915662650602393
-1.1469879518072297
-0.5144578313253021
-1.2289156626506035
-0.42530120481927725
-0.35662650602409585
0.621686746987951
0.5253012048192751
0.815662650602409
1.5216867469879531
1.3831325301204807
2.1204819277108413
2.997590361445784
2.3228915662650635
1.97951807228916
1.2204819277108392
0.2975903614457849
-0.1361445783132531
0.7855421686746986
1.2783132530120511
1.6096385542168683
1.6542168674698807
-0.38554216867469826
-0.5156626506024118
0.22048192771084274
-0.4746987951807231
-1.86987951807229
-2.2686746987951807
-1.0939759036144583
-0.928915662650601
-0.8373493975903603
-0.3807228915662648
-0.19879518072289137
0.3493975903614448
0.4325301204819265
-0.46506024096385623
-0.991566265060241
-2.716867469879519
-3.0518072289156617
-1.2590361445783138
-1.362650602409639
-2.3771084337349393
-5.090361445783133
-4.408433734939759
-4.46987951807229
-3.6012048192771076
-4.589156626506024
-4.675903614457831
-3.855421686746987
-2.339759036144578
-1.6397590361445804
-1.0180722891566258
0.9566265060240973
-0.30361445783132446
0.9674698795180721
0.4831325301204821
2.644578313253014
1.5313253012048182
0.951807228915662
1.539759036144579
1.9349397590361441
1.346987951807229
1.3867469879518062
2.063855421686746
2.002409638554216
0.06265060240963916
1.1421686746987945
-3.2445783132530117
-3.0132530120481933
-1.508433734939758
-0.03855421686747018
0.11445783132530174
-0.8216867469879521
-1.314457831325301
0.4831325301204821
-0.15421686746987895
1.5
3.7530120481927716
1.6662650602409643
2.080722891566266
3.6734939759036145
3.2132530120481926
1.1746987951807233
1.6409638554216874
2.4000000000000004
2.524096385542169
4.089156626506025
4.804819277108434
3.146987951807229
4.549397590361445
3.8048192771084337
-1.6445783132530123
1.3120481927710848
2.354216867469879
1.9457831325301203
0.6722891566265061
0.927710843373494
0.5144578313253012
-0.42891566265060255
0.769879518072289
1.8987951807228916
1.0626506024096385
0.18915662650602427
-0.13614457831325288
0.1373493975903619
1.9614457831325303
2.268674698795181
2.5012048192771084
2.2265060240963854
-0.7216867469879518
-1.0481927710843375
-1.342168674698795
-1.4481927710843374
-2.8313253012048194
-2.4987951807228916
-2.2373493975903616
