3.536144578313253
0.8626506024096385
0.06506024096385543
1.9216867469879517
1.591566265060241
5.5
8.201204819277109
6.875903614457831
6.46144578313253
6.695180722891566
6.5771084337349395
3.336144578313253
3.7493975903614456
2.9891566265060243
2.6903614457831324
2.7325301204819277
1.683132530120482
2.0433734939759036
-0.9831325301204819
-1.1566265060240966
-0.2349397590361446
-0.4265060240963856
-0.4518072289156627
1.8506024096385543
2.8771084337349393
3.120481927710843
1.4951807228915661
1.919277108433735
0.3457831325301206
0.3783132530120483
1.6
0.5795180722891566
1.710843373493976
3.5397590361445785
5.30722891566265
4.678313253012048
4.0036144578313255
3.874698795180723
3.25421686746988
2.0698795180722893
0.3891566265060238
0.7795180722891568
-1.0493975903614456
-2.416867469879518
-3.8132530120481927
-3.966265060240964
-4.31566265060241
-5.442168674698795
-3.8421686746987955
-2.412048192771084
-2.418072289156626
-1.3433734939759034
-1.3048192771084337
-0.83855421686747
0.7108433734939759
1.403614457831325
1.6397590361445786
2.379518072289157
3.024096385542169
3.0180722891566267
2.7602409638554217
3.0686746987951814
3.4939759036144578
1.8168674698795186
2.13855421686747
3.0590361445783127
4.263855421686746
5.3746987951807235
5.9951807228915674
5.645783132530122
4.602409638554216
3.4060240963855426
5.065060240963857
3.501204819277108
3.7927710843373497
1.7759036144578317
0.9301204819277107
0.31686746987951864
1.862650602409639
1.9807228915662662
3.7843373493975907
4.804819277108432
3.862650602409639
4.644578313253014
3.089156626506023
1.2939759036144576
0.17590361445783032
0.6915662650602403
2.4469879518072286
2.2228915662650603
1.346987951807229
-0.7927710843373497
-3.0614457831325295
-3.265060240963856
-2.807228915662651
-3.2457831325301196
-2.127710843373496
-0.3867469879518062
-3.409638554216868
-5.012048192771084
-3.6421686746987945
-1.6903614457831324
-0.4325301204819283
-0.4987951807228903
-0.49036144578313134
-0.8048192771084342
-0.9144578313253007
0.46746987951807206
-1.3409638554216876
-0.2638554216867455
-0.272289156626508
-0.22048192771084274
0.08795180722891516
-0.8746987951807217
-1.7301204819277096
0.6903614457831324
1.961445783132529
2.8180722891566266
3.1096385542168665
3.9168674698795165
4.3590361445783135
1.8650602409638548
0.46144578313252893
1.0048192771084352
0.772289156626508
0.003614457831325524
0.47831325301204863
1.1096385542168665
-2.4963855421686727
-0.7939759036144594
-0.6361445783132531
-1.773493975903616
-0.5710843373493955
-0.7939759036144558
0.1915662650602421
0.5698795180722911
0.47469879518072133
-1.35421686746988
0.08433734939759319
-1.718072289156627
-1.4240963855421693
0.06626506024096201
-0.02891566265060419
0.7891566265060206
1.8807228915662648
-0.3240963855421697
0.30722891566265176
0.0686746987951814
0.9301204819277125
1.4457831325301207
1.3132530120481931
2.3349397590361427
3.2927710843373497
1.403614457831324
0.26144578313252964
-2.1096385542168683
-1.1072289156626525
-0.046987951807228256
1.040963855421687
-2.4072289156626496
-3.797590361445785
-5.989156626506023
-5.610843373493976
-3.3734939759036138
-1.2144578313252978
-0.17228915662650834
-0.01927710843373731
0.37710843373494285
0.24337349397590557
1.0253012048192751
-0.7012048192771054
-0.38313253012048065
1.2445783132530153
3.098795180722888
4.028915662650601
3.1518072289156613
1.5638554216867462
-0.3554216867469897
0.5216867469879531
2.402409638554218
3.985542168674698
4.454216867469878
4.201204819277109
4.750602409638553
5.475903614457835
4.7674698795180745
1.8746987951807235
1.9108433734939752
-0.1493975903614455
-0.5180722891566241
0.7385542168674668
0.9036144578313241
1.2795180722891608
1.8951807228915634
2.3831325301204807
3.595180722891566
3.9879518072289137
4.014457831325302
3.572289156626507
1.580722891566264
-2.0590361445783145
-0.30843373493976145
1.1542168674698807
1.4457831325301207
1.9096385542168655
2.184337349397591
2.434939759036144
2.579518072289158
2.337349397590362
2.3722891566265076
2.6156626506024097
2.5891566265060213
2.2012048192771054
2.1036144578313234
3.2469879518072275
4.308433734939758
5.277108433734938
5.781927710843373
5.140963855421688
4.414457831325301
4.169879518072289
4.056626506024099
2.2783132530120476
2.900000000000002
1.7289156626506035
1.06265060240964
1.8421686746987973
2.7650602409638587
1.8096385542168676
0.9265060240963869
1.0674698795180717
2.4156626506024104
4.028915662650604
5.6915662650602385
5.800000000000001
2.339759036144578
-0.3132530120481931
0.8216867469879539
1.253012048192769
2.055421686746989
2.7240963855421683
0.1638554216867476
0.18554216867470075
0.19879518072289315
-2.1746987951807206
-0.7373493975903607
0.4771084337349407
1.1265060240963862
1.7132530120481917
1.3084337349397615
-0.34698795180722897
-0.21445783132530138
-1.4289156626506028
-0.12530120481927653
0.9433734939759049
-0.07831325301205183
-1.4746987951807249
-3.7843373493975907
-4.878313253012045
-3.5168674698795197
-5.179518072289158
-5.3024096385542165
-4.6771084337349365
-3.9204819277108403
-1.3795180722891587
1.6975903614457835
1.4638554216867448
2.0855421686746993
0.6783132530120497
0.8096385542168711
1.2542168674698821
1.6144578313253017
1.284337349397589
2.920481927710844
2.225301204819276
1.13012048192771
0.2313253012048193
-2.393975903614459
-3.928915662650601
-5.737349397590359
-7.280722891566265
-5.398795180722891
-4.350602409638556
-2.7674698795180728
-1.3650602409638548
0.508433734939759
0.38313253012048065
-0.45180722891566205
-0.5590361445783145
-0.362650602409639
-0.67710843373494
-1.290361445783132
-0.508433734939759
0.7301204819277096
0.09879518072289173
-0.8891566265060238
0.22409638554216826
-0.6554216867469869
-0.039759036144578985
-2.8397590361445797
-1.3180722891566266
-1.1433734939759042
-0.8036144578313245
0.16746987951807135
2.0831325301204817
3.2445783132530135
3.5313253012048182
4.151807228915663
4.83975903614458
4.234939759036143
3.0469879518072283
2.5867469879518072
2.2638554216867472
2.8024096385542165
1.2626506024096384
0.9421686746987952
0.05542168674698811
0.28674698795180653
1.8915662650602423
2.5614457831325295
1.6144578313253017
1.378313253012048
1.9855421686746988
1.3831325301204815
1.6457831325301209
3.000000000000001
2.5530120481927714
2.1662650602409643
3.280722891566266
2.973493975903615
2.113253012048193
1.5746987951807236
1.8409638554216867
1.2999999999999998
2.024096385542169
2.0891566265060244
0.10481927710843397
0.9469879518072286
1.9493975903614453
2.1048192771084335
2.455421686746988
3.8120481927710848
3.2542168674698795
4.845783132530121
3.972289156626506
3.9277108433734944
4.114457831325302
3.9710843373493976
3.2698795180722895
0.8987951807228916
-0.9373493975903615
0.4891566265060241
1.1638554216867472
2.4373493975903617
1.3614457831325302
-1.0313253012048191
-0.5987951807228913
-0.9734939759036143
-0.6216867469879519
-1.1481927710843376
-0.3421686746987951
1.5518072289156626
2.16867469879518
5.001204819277109
4.362650602409639
