-2.7638554216867472
-4.2373493975903616
-0.2349397590361445
0.32168674698795163
0.0915662650602409
1.2000000000000002
2.0012048192771084
0.37590361445783127
1.0614457831325301
-0.20481927710843373
0.5771084337349397
-0.6638554216867469
-1.3506024096385543
-1.110843373493976
0.1903614457831324
1.4325301204819278
1.3831325301204818
1.5433734939759038
1.4168674698795183
2.1433734939759033
3.265060240963855
5.1734939759036145
4.4481927710843365
4.150602409638554
3.0771084337349395
2.5204819277108435
2.495180722891566
1.1192771084337347
0.7457831325301205
0.4783132530120484
0.10000000000000009
0.17951807228915673
-0.18915662650602405
-0.5602409638554215
-1.0927710843373495
0.07831325301204828
2.0036144578313255
0.4746987951807231
0.8542168674698796
0.6698795180722894
0.689156626506024
2.4795180722891565
3.1506024096385543
4.483132530120482
1.9867469879518072
2.7337349397590365
3.3843373493975903
0.35783132530120465
0.05783132530120483
1.8879518072289163
1.9819277108433737
1.9566265060240968
2.195180722891566
2.36144578313253
3.610843373493976
4.0036144578313255
4.839759036144579
4.279518072289157
2.6240963855421686
2.418072289156626
3.160240963855422
4.668674698795181
6.193975903614457
7.016867469879518
4.338554216867469
3.8590361445783135
3.363855421686746
2.5746987951807228
3.095180722891567
2.845783132530121
3.6024096385542164
4.506024096385542
4.465060240963857
4.701204819277109
5.19277108433735
6.675903614457832
5.430120481927711
2.8168674698795186
2.2626506024096393
1.7807228915662652
0.08433734939758963
-0.19518072289156763
0.06265060240963827
0.044578313253012425
1.4891566265060234
2.8939759036144572
2.975903614457831
0.8915662650602414
0.5469879518072283
0.22289156626506035
2.2469879518072275
3.507228915662651
5.138554216867471
3.1349397590361434
2.3927710843373493
4.154216867469881
1.6722891566265048
-1.3867469879518062
-0.6096385542168683
3.087951807228917
2.8578313253012055
1.209638554216868
0.3674698795180724
0.20120481927710898
2.5096385542168687
0.2951807228915655
-2.814457831325301
-0.9325301204819283
0.8590361445783135
-0.2638554216867455
-4.372289156626508
-4.120481927710843
-2.5120481927710845
-1.474698795180723
0.9698795180722897
1.3903614457831335
-1.038554216867471
0.31807228915662655
1.209638554216868
1.9168674698795165
1.959036144578313
2.1650602409638537
3.8614457831325293
2.9048192771084356
1.272289156626508
0.5036144578313255
-2.5216867469879514
-2.5903614457831328
-2.396385542168673
-1.4939759036144586
-0.23614457831325275
0.02650602409638303
0.6289156626506038
3.706024096385544
5.891566265060241
5.76987951807229
5.8746987951807235
4.745783132530121
2.4843373493975918
2.281927710843373
1.7759036144578317
2.7662650602409613
1.5710843373493972
2.5891566265060213
1.4807228915662627
1.2759036144578317
3.507228915662651
3.1686746987951793
0.9301204819277125
3.845783132530123
1.8132530120481931
-5.365060240963857
-4.70722891566265
-1.1963855421686773
-0.13855421686746894
-1.6096385542168683
-0.007228915662651048
1.2530120481927725
1.7409638554216862
2.2927710843373497
3.6024096385542137
4.210843373493976
3.9891566265060234
2.8265060240963855
1.4855421686747015
1.8277108433734917
1.4807228915662627
1.0771084337349421
0.7433734939759056
-2.5746987951807228
-2.2012048192771054
-1.3831325301204807
-2.155421686746987
-2.5012048192771097
-2.7710843373494
-3.7481927710843372
-4.2361445783132545
-4.955421686746991
-2.3783132530120454
-2.9975903614457806
-5.6144578313253
-4.945783132530121
-3.8987951807228924
-3.6493975903614455
-2.4240963855421676
-5.432530120481925
-2.5253012048192787
-1.989156626506027
-1.4493975903614462
-0.8180722891566248
-1.5614457831325304
-1.596385542168676
-1.02048192771084
-0.10481927710843664
-0.31686746987951864
0.19518072289156407
0.5879518072289152
-0.6855421686747007
-1.6277108433734924
-1.919277108433736
-1.2590361445783138
-2.3084337349397615
-1.14578313253012
-0.85421686746988
-0.6903614457831324
0.08433734939759319
0.8349397590361427
0.07951807228915797
-0.4626506024096386
-1.2277108433734938
-0.6843373493975875
0.48915662650602343
-0.6987951807228932
-1.7963855421686752
-0.5530120481927732
0.4084337349397593
1.7771084337349379
-0.31807228915662833
-0.6590361445783124
0.7144578313253014
2.169879518072289
1.9566265060240973
1.6783132530120461
1.4000000000000021
1.628915662650602
2.2626506024096393
2.642168674698798
0.965060240963858
-2.6903614457831324
-1.573493975903613
-0.232530120481929
-0.5843373493975896
-0.6710843373493987
-0.20843373493976003
0.8000000000000007
1.5397590361445772
2.2867469879518083
1.121686746987951
0.9530120481927717
0.45542168674699113
-2.0759036144578324
-1.136144578313253
0.38554216867470004
1.9987951807228939
2.725301204819278
3.06265060240964
2.9771084337349407
3.526506024096385
4.213253012048192
2.9084337349397593
2.0530120481927696
3.185542168674697
3.0710843373493972
2.5746987951807228
2.3433734939759034
1.2216867469879489
-2.174698795180724
-2.184337349397591
-2.478313253012047
-1.6168674698795193
-0.579518072289158
0.597590361445782
1.8228915662650635
1.2795180722891608
1.02048192771084
0.8975903614457827
0.8638554216867469
0.2855421686746986
-0.5216867469879496
-0.19036144578312886
0.7542168674698821
2.4144578313253025
2.484337349397588
4.220481927710841
4.325301204819278
4.13012048192771
2.7313253012048193
2.2060240963855424
3.171084337349397
2.562650602409642
3.8192771084337345
4.901204819277108
3.4493975903614427
3.8325301204819286
2.3349397590361445
0.8084337349397579
-0.9168674698795201
-2.1518072289156613
-1.6590361445783142
-0.9626506024096386
1.022891566265061
0.9096385542168672
0.6915662650602403
1.9301204819277107
0.8987951807228924
1.0108433734939766
1.324096385542168
-0.35542168674698615
-1.7397590361445783
-0.8397590361445797
-5.1180722891566255
-6.043373493975904
-6.203614457831325
-4.1325301204819285
-2.016867469879518
-0.6554216867469869
-0.7686746987951807
-0.6481927710843376
-0.5602409638554207
1.6349397590361434
4.946987951807229
3.5867469879518072
1.0638554216867462
0.7024096385542169
1.7626506024096384
1.8421686746987938
-0.5445783132530115
-2.5132530120481933
-3.0084337349397585
-1.0385542168674702
-0.4855421686746979
-1.121686746987952
-2.014457831325301
-2.1168674698795185
-2.254216867469879
-1.5999999999999996
-1.0469879518072291
-0.8337349397590357
1.8807228915662657
2.773493975903615
2.313253012048193
3.5746987951807236
4.240963855421687
3.4000000000000004
2.524096385542169
0.7891566265060237
1.104819277108434
0.6469879518072288
-0.2506024096385544
-0.2951807228915664
-1.0445783132530124
-1.3879518072289156
-0.5457831325301208
-0.6542168674698794
1.1722891566265061
2.527710843373494
4.014457831325302
2.0710843373493972
-0.23012048192771095
-1.7012048192771085
-1.6373493975903615
-0.5108433734939759
1.963855421686747
3.9373493975903617
1.9614457831325303
2.268674698795181
1.601204819277109
1.6265060240963858
1.778313253012048
3.7518072289156628
2.657831325301205
1.5518072289156626
-0.23132530120481942
0.4012048192771085
2.7626506024096384
