-1.463855421686747
-1.0373493975903614
-1.7349397590361444
-0.7783132530120482
1.091566265060241
0.9
1.3012048192771086
0.8759036144578313
0.3614457831325302
0.39518072289156625
0.27710843373493965
-0.263855421686747
-1.3506024096385543
-0.810843373493976
0.5903614457831323
0.03253012048192794
1.7831325301204817
8.143373493975904
4.716867469879518
0.1433734939759035
1.1650602409638553
1.5734939759036146
1.3481927710843373
-1.0493975903614459
-2.8228915662650604
-3.579518072289157
-3.004819277108434
-1.680722891566265
-1.3542168674698796
1.9783132530120484
4.1
3.6795180722891567
3.910843373493976
4.739759036144578
2.907228915662651
1.5783132530120478
2.403614457831325
3.074698795180723
3.454216867469879
4.069879518072289
1.2891566265060241
0.2795180722891568
1.9506024096385541
1.1831325301204818
2.3867469879518075
3.133734939759036
2.28433734939759
1.6578313253012045
-0.14216867469879535
0.18795180722891613
2.181927710843374
0.656626506024097
-1.2048192771084336
-1.2385542168674704
-1.089156626506024
0.403614457831325
1.6397590361445786
3.4795180722891565
2.324096385542169
1.9180722891566262
2.660240963855422
-0.13132530120481878
1.193975903614458
1.3168674698795186
-0.4614457831325298
-0.0409638554216869
2.1638554216867467
6.074698795180723
7.295180722891566
4.54578313253012
3.8024096385542157
3.306024096385543
3.0650602409638568
3.001204819277108
2.392771084337351
3.8759036144578314
3.2301204819277114
1.5168674698795197
-0.5373493975903614
-0.1192771084337334
0.98433734939759
2.5048192771084317
1.162650602409638
2.344578313253013
0.8891566265060238
-1.0060240963855414
-2.524096385542169
-2.708433734939759
-2.7530120481927707
-2.5771084337349404
-1.153012048192771
-1.2927710843373497
-1.3614457831325293
-0.6650602409638555
-0.30722891566265176
0.45421686746987966
-1.127710843373496
-0.3867469879518062
-0.8096385542168676
-1.2120481927710838
-0.9421686746987952
0.5096385542168687
0.3674698795180724
0.9012048192771083
0.20963855421686795
-0.9048192771084338
-1.5144578313253003
-2.4325301204819283
0.2590361445783138
2.836144578313254
3.727710843373494
4.179518072289158
3.2879518072289144
1.525301204819277
1.4698795180722897
1.8903614457831335
3.661445783132528
1.8180722891566266
1.0096385542168669
2.8168674698795186
3.759036144578312
2.565060240963856
3.0614457831325286
3.304819277108434
2.572289156626507
0.9036144578313259
0.5783132530120483
1.209638554216868
1.5036144578313273
2.7060240963855406
2.7638554216867472
2.3265060240963837
2.2289156626506053
2.206024096385544
3.0915662650602407
3.669879518072289
3.8746987951807235
2.14578313253012
1.7843373493975925
0.5819277108433738
-1.1240963855421686
1.2662650602409613
0.5710843373493972
1.4891566265060234
1.580722891566264
2.1759036144578303
2.1072289156626525
0.8686746987951821
1.7301204819277132
-1.7542168674698786
0.8132530120481931
1.3349397590361427
1.7927710843373497
3.3036144578313227
4.56144578313253
4.49036144578313
2.1927710843373482
2.4530120481927717
2.6409638554216848
2.892771084337351
3.1024096385542137
-0.18915662650602272
2.389156626506022
1.0265060240963848
1.3855421686747
2.8277108433734917
3.7807228915662634
1.8771084337349428
0.843373493975907
1.5253012048192751
2.5987951807228917
2.6168674698795193
2.044578313253016
1.2987951807228875
-0.37108433734939794
-0.24819277108433724
-1.0361445783132552
-0.055421686746988996
-0.17831325301204615
-0.09759036144578204
0.1855421686746972
1.0542168674698793
1.3012048192771068
2.750602409638553
1.2759036144578317
2.0674698795180753
2.8746987951807235
3.6108433734939744
2.050602409638554
-0.2180722891566269
-1.7614457831325332
-4.096385542168676
-5.220481927710839
-4.504819277108435
-4.716867469879517
-5.104819277108437
-5.512048192771086
-4.985542168674698
-3.227710843373494
-2.3192771084337345
-1.8590361445783117
-1.3084337349397615
-0.4457831325301207
-0.35421686746988
-1.9903614457831331
-1.815662650602409
-1.3650602409638566
-0.7204819277108427
-1.0626506024096365
-1.1277108433734924
-1.1843373493975875
-0.3108433734939773
0.6012048192771076
1.8036144578313262
0.24698795180722755
-4.091566265060241
-5.722891566265062
-4.718072289156627
-2.459036144578313
-1.0855421686746993
-0.6301204819277118
-0.3433734939758999
0.6783132530120461
0.0
-0.7710843373493965
0.8626506024096408
1.9421686746987952
2.465060240963858
3.009638554216867
3.026506024096385
3.467469879518074
3.0156626506024082
3.2289156626506035
2.6915662650602385
3.1999999999999993
4.039759036144577
4.686746987951807
3.9216867469879517
1.753012048192769
0.45542168674699113
1.4240963855421676
-0.6361445783132531
-2.4144578313253007
-0.20120481927710543
0.5253012048192787
-0.3373493975903621
-2.2228915662650586
-2.3734939759036138
-1.4867469879518076
0.20843373493976003
-1.346987951807229
-0.8144578313253028
0.47108433734939936
1.1746987951807242
1.743373493975902
2.621686746987951
2.9253012048192737
3.315662650602409
2.1216867469879546
1.1831325301204814
0.7204819277108427
0.49759036144578417
-0.07710843373493859
-0.020481927710839898
-0.4795180722891601
-0.20240963855421512
-0.1361445783132531
0.38554216867470004
0.6783132530120497
1.8096385542168711
2.254216867469882
1.4144578313253025
0.5843373493975896
-0.6795180722891576
-1.774698795180722
-0.06987951807228932
1.7313253012048193
2.606024096385541
1.1710843373493987
-0.8373493975903603
-1.9807228915662645
-1.8987951807228907
-2.0506024096385556
-1.6674698795180731
0.8349397590361445
4.30843373493976
4.18313253012048
2.548192771084338
0.5409638554216869
1.137349397590361
0.42289156626505964
-0.1903614457831324
1.0915662650602407
1.63012048192771
1.3987951807228924
0.7108433734939759
0.42409638554216933
1.0445783132530124
2.460240963855421
1.460240963855421
1.5819277108433738
1.056626506024097
2.4963855421686745
3.0674698795180717
-0.016867469879517927
0.14457831325301385
1.7313253012048193
1.451807228915662
-1.4602409638554201
-0.3650602409638566
-0.2530120481927707
-0.11325301204819382
-0.4361445783132538
-0.5975903614457838
-2.2373493975903616
-1.6578313253012054
0.15542168674698864
2.186746987951806
2.0915662650602416
1.9614457831325298
3.9144578313253016
1.7783132530120485
2.185542168674699
0.4831325301204821
2.2457831325301205
1.0
3.0530120481927705
3.966265060240964
2.1807228915662655
0.5734939759036148
-0.08674698795180724
0.8746987951807235
-0.2590361445783129
0.9000000000000004
0.7240963855421692
3.489156626506024
4.104819277108434
5.346987951807229
4.049397590361446
4.104819277108433
5.155421686746987
6.112048192771084
6.954216867469879
6.14578313253012
4.072289156626507
3.7277108433734942
5.214457831325301
4.071084337349397
5.569879518072289
1.8987951807228916
0.6626506024096386
-0.5108433734939759
0.06385542168674707
1.3373493975903616
1.26144578313253
-0.7313253012048193
-2.1987951807228914
-2.9734939759036143
-2.3216867469879516
-1.3481927710843375
0.5578313253012048
0.6518072289156627
0.9686746987951806
-0.2987951807228916
-0.4373493975903614
