-1.963855421686747
-2.6373493975903615
-0.9349397590361446
-2.1783132530120484
-2.608433734939759
0.6
-1.0987951807228915
0.47590361445783136
0.16144578313253022
-1.8048192771084337
-2.1228915662650607
-0.863855421686747
-1.6506024096385543
-2.210843373493976
-2.6096385542168674
-2.3674698795180724
-1.3168674698795182
0.1433734939759037
1.3168674698795182
-0.05662650602409647
-0.03493975903614466
0.9734939759036145
-0.9518072289156627
-3.049397590361446
-3.4228915662650605
-3.7795180722891564
-2.104819277108434
-0.1807228915662651
0.04578313253012056
0.6783132530120481
-0.8999999999999999
-0.5204819277108435
-1.489156626506024
-3.1602409638554216
-1.9927710843373494
-2.4216867469879517
-3.396385542168675
-3.3253012048192767
-2.0457831325301203
-1.2301204819277107
-0.010843373493976127
-1.0204819277108432
-2.9493975903614458
-2.916867469879518
-2.6132530120481925
-1.466265060240964
0.28433734939759026
0.45783132530120474
0.15783132530120447
0.6879518072289161
2.5819277108433742
0.25662650602409665
0.7951807228915664
0.66144578313253
-1.2891566265060241
-0.2963855421686752
-0.36024096385542137
-1.3204819277108433
-2.575903614457831
-3.1819277108433734
-3.7397590361445783
-3.131325301204819
-0.6060240963855419
2.216867469879518
-0.9614457831325298
-2.3409638554216867
-3.1361445783132536
-0.3253012048192767
0.49518072289156656
-1.5542168674698793
-4.297590361445784
-3.693975903614458
-2.9349397590361432
-3.3987951807228916
-2.5072289156626493
-2.7240963855421683
-2.7698795180722886
-2.283132530120481
-2.0373493975903614
-2.219277108433734
-0.8156626506024098
0.004819277108431663
-1.137349397590361
0.4445783132530128
1.7891566265060241
1.5939759036144583
1.1759036144578303
0.49156626506024104
0.14698795180722968
1.6228915662650607
0.9469879518072286
1.1072289156626507
1.83855421686747
-0.16506024096385552
-1.8072289156626518
-1.945783132530119
-3.0277108433734954
-2.386746987951806
-1.409638554216869
-0.41204819277108307
-1.242168674698794
-2.090361445783131
-0.23253012048192723
0.3012048192771086
-0.3903614457831317
1.5951807228915662
0.8855421686747
1.0674698795180717
0.7590361445783138
1.4361445783132538
2.1277108433734924
2.079518072289158
2.4879518072289155
2.3253012048192776
2.1698795180722907
1.5903614457831328
2.161445783132528
1.6180722891566255
1.1096385542168665
-1.8831325301204824
-1.2409638554216862
-0.034939759036145546
0.46144578313252893
2.104819277108435
1.3722891566265076
0.2036144578313248
0.6783132530120479
0.20963855421686795
-1.7963855421686734
-2.2939759036144594
-0.4361445783132538
0.6265060240963845
0.42891566265060455
0.8060240963855421
0.9915662650602393
1.3698795180722882
3.0746987951807228
3.0457831325301186
3.4843373493975918
2.1819277108433752
1.7759036144578317
2.66626506024096
1.5710843373493972
-0.610843373493978
-0.7192771084337366
0.975903614457831
3.7072289156626503
5.068674698795181
1.5301204819277139
-2.3542168674698782
-4.786746987951808
-3.6650602409638555
-3.5072289156626493
-1.096385542168676
0.4614457831325325
0.3903614457831317
-1.9072289156626532
-2.0469879518072283
-0.7590361445783138
-0.007228915662651048
1.2024096385542151
0.7108433734939759
1.2891566265060241
3.226506024096384
4.685542168674701
4.327710843373492
3.880722891566265
4.177108433734944
5.243373493975906
5.1253012048192765
5.798795180722895
6.716867469879517
6.144578313253014
5.7987951807228875
5.928915662650603
3.7518072289156628
3.363855421686747
5.244578313253008
4.921686746987955
2.8024096385542165
4.185542168674697
5.154216867469877
4.401204819277108
3.8506024096385545
3.875903614457833
4.167469879518073
1.6746987951807206
-1.1891566265060263
1.1506024096385552
2.081927710843374
3.238554216867467
4.303614457831323
4.47951807228916
3.695180722891564
3.983132530120482
4.595180722891566
3.7879518072289144
3.014457831325302
3.3722891566265076
4.1807228915662655
5.540963855421687
6.891566265060238
7.054216867469879
6.345783132530119
5.709638554216866
5.184337349397591
4.334939759036143
4.879518072289159
3.637349397590363
2.3722891566265076
4.015662650602412
4.489156626506023
1.4012048192771083
-0.3963855421686766
-3.2530120481927725
-2.691566265060242
-3.222891566265062
-2.0180722891566276
0.44096385542168903
1.1144578313253035
-0.830120481927711
-1.3433734939759
-2.4216867469879553
-4.699999999999999
-5.7710843373493965
-4.237349397590361
-3.6578313253012027
-3.934939759036144
-2.590361445783131
-0.3734939759036138
-0.8325301204819269
-0.48433734939759177
-0.4710843373493958
-0.6084337349397586
-0.5
-1.660240963855422
-2.1132530120481903
-2.178313253012046
-2.1469879518072297
-2.444578313253011
-1.5759036144578324
-2.3361445783132524
-1.9144578313253007
-1.5012048192771061
-0.47469879518072133
1.4626506024096386
3.17710843373494
3.926506024096387
4.213253012048192
5.008433734939761
4.85301204819277
2.5855421686746993
1.1710843373493987
1.6746987951807242
1.8433734939759034
1.7216867469879489
0.5253012048192751
0.31566265060240895
0.12168674698795456
-0.21686746987952077
0.6204819277108413
1.4975903614457842
2.1228915662650643
2.079518072289158
2.420481927710842
1.6975903614457835
1.363855421686747
-0.21445783132530138
1.5783132530120518
1.909638554216869
1.5542168674698829
2.0144578313253003
2.0843373493975896
2.8204819277108424
3.225301204819276
3.63012048192771
0.8313253012048207
-0.893975903614459
-0.6289156626506021
-0.0373493975903596
-0.5807228915662641
-0.19879518072289137
0.9493975903614444
0.5325301204819279
1.8349397590361445
1.308433734939758
2.1831325301204796
1.6481927710843376
0.14096385542168655
0.5373493975903614
0.22289156626506035
-0.09036144578313277
0.8915662650602414
1.0301204819277103
1.8987951807228924
2.610843373493976
4.424096385542169
3.5445783132530124
4.060240963855421
4.560240963855421
4.6819277108433734
5.756626506024098
6.1963855421686755
2.6674698795180714
2.8831325301204824
-0.4554216867469876
-2.9686746987951818
-3.7481927710843372
-2.76024096385542
0.13493975903614341
0.34698795180722897
0.9867469879518058
1.7638554216867472
2.1024096385542155
1.4626506024096395
0.9421686746987952
1.555421686746989
1.4867469879518067
2.791566265060241
4.36144578313253
4.914457831325302
5.678313253012048
3.8855421686746983
4.683132530120481
3.5457831325301212
3.6000000000000005
0.9530120481927709
2.8662650602409645
4.180722891566266
5.6734939759036145
5.013253012048192
4.574698795180724
3.540963855421687
2.8
1.8240963855421688
2.189156626506024
3.804819277108434
3.846987951807229
2.8493975903614457
6.104819277108435
6.555421686746987
6.812048192771085
5.954216867469879
3.1457831325301204
0.9722891566265064
0.42771084337349397
0.21445783132530138
-0.8289156626506027
0.06987951807228932
2.298795180722892
4.462650602409639
3.9891566265060243
2.7638554216867472
0.43734939759036173
-0.13855421686746983
-1.1313253012048192
-1.3987951807228913
-0.8734939759036144
-0.22168674698795177
-0.1481927710843376
0.05783132530120483
0.051807228915662584
1.0686746987951807
2.3012048192771086
2.362650602409639
