3.1361445783132527
3.0626506024096383
2.3650602409638557
2.9216867469879517
1.591566265060241
3.1999999999999997
3.5012048192771084
4.975903614457831
4.16144578313253
5.195180722891566
6.37710843373494
6.836144578313252
5.849397590361447
4.789156626506024
4.390361445783133
3.332530120481928
5.183132530120482
4.443373493975903
8.016867469879518
8.243373493975904
5.265060240963855
5.973493975903614
6.848192771084337
3.3506024096385536
0.4771084337349396
-0.5795180722891566
-1.2048192771084338
1.2192771084337348
2.34578313253012
2.378313253012048
0.7000000000000002
2.2795180722891564
2.8108433734939755
2.639759036144578
2.8072289156626504
0.6783132530120484
1.8036144578313253
2.374698795180723
3.25421686746988
2.4698795180722897
3.589156626506024
2.4795180722891565
2.250602409638554
4.083132530120482
2.986746987951807
5.333734939759037
3.48433734939759
3.6578313253012045
2.557831325301205
1.6879518072289161
1.9819277108433737
2.656626506024097
5.395180722891567
4.7614457831325305
4.010843373493976
2.5036144578313246
3.4397590361445785
4.779518072289157
4.32409638554217
3.1180722891566264
4.760240963855422
4.568674698795181
5.7939759036144585
4.816867469879519
4.2385542168674695
4.059036144578313
3.363855421686746
2.8746987951807235
3.595180722891567
0.845783132530121
0.202409638554216
2.306024096385543
3.965060240963857
4.101204819277108
4.392771084337351
3.475903614457831
3.030120481927712
1.5168674698795197
-2.837349397590361
-1.719277108433734
-4.215662650602409
-3.6951807228915676
-3.5373493975903614
-3.4554216867469867
-1.1108433734939762
-0.9060240963855417
-0.72409638554217
-0.6084337349397586
-1.4530120481927717
-1.9771084337349407
-0.653012048192771
0.6072289156626507
0.83855421686747
0.4349397590361441
1.1927710843373482
1.9542168674698797
2.072289156626505
2.7132530120481935
3.3903614457831317
2.6879518072289166
4.3578313253012055
4.709638554216868
4.867469879518072
5.50120481927711
6.709638554216868
5.895180722891567
5.485542168674698
5.56746987951807
3.459036144578313
4.636144578313253
4.527710843373491
5.179518072289158
6.7879518072289144
7.125301204819278
6.569879518072289
5.690361445783132
4.76144578313253
5.918072289156626
6.509638554216869
4.716867469879517
2.759036144578312
-0.4349397590361459
-0.5385542168674711
-1.0951807228915644
0.07228915662650692
0.5036144578313255
2.678313253012048
3.9096385542168672
5.003614457831327
4.706024096385541
2.9638554216867465
4.026506024096383
3.7289156626506053
3.506024096385545
0.8915662650602414
0.36987951807228825
-0.22530120481927796
1.3457831325301193
2.684337349397591
4.581927710843374
6.0759036144578324
8.16626506024096
7.7710843373493965
7.989156626506023
6.6807228915662655
2.875903614457833
0.4072289156626532
-3.831325301204819
-4.0698795180722875
-1.2542168674698786
-1.2867469879518083
-3.4650602409638562
-3.107228915662649
-0.6963855421686773
1.361445783132531
1.4903614457831296
0.49277108433734895
-0.7469879518072275
0.5409638554216869
2.5927710843373504
2.702409638554215
1.9108433734939752
1.1891566265060227
0.8265060240963855
1.1855421686747007
0.12771084337349237
-0.4192771084337359
0.4771084337349407
0.843373493975907
2.725301204819278
3.5987951807228917
1.016867469879518
0.9445783132530146
0.7987951807228875
0.8289156626506013
1.6518072289156613
0.2638554216867455
-1.4554216867469911
-2.478313253012047
-0.4975903614457806
0.4855421686746979
1.6542168674698772
-0.39879518072289244
-1.249397590361447
-1.4240963855421676
-2.532530120481926
0.07469879518072275
1.4108433734939752
2.050602409638554
-1.518072289156624
-3.0614457831325304
-3.6963855421686773
-2.220481927710839
-0.004819277108435216
1.3831325301204807
3.3951807228915634
4.487951807228914
4.514457831325302
5.272289156626506
5.880722891566265
5.540963855421687
3.79156626506024
1.85421686746988
2.3457831325301193
1.6096385542168683
2.4843373493975918
2.934939759036144
4.679518072289156
4.837349397590362
4.672289156626508
2.515662650602412
-1.7108433734939794
-0.29879518072289457
0.7036144578313248
0.24698795180722755
0.6084337349397586
1.17710843373494
2.581927710843374
1.8409638554216876
-1.7855421686746986
-4.130120481927712
-2.5433734939759027
-1.1216867469879546
-0.09999999999999787
-0.6710843373493987
-0.5373493975903614
0.642168674698798
1.3650602409638566
-0.3903614457831317
-1.073493975903613
-1.232530120481929
-4.08433734939759
-6.071084337349397
-4.8084337349397615
-3.3999999999999986
-2.160240963855422
-0.3132530120481931
1.4216867469879517
2.3530120481927703
2.455421686746991
1.1240963855421668
-0.3361445783132524
-1.0144578313252985
-0.7012048192771054
-0.37469879518072347
-0.13734939759035925
-1.7228915662650586
-2.973493975903615
-2.4867469879518076
-0.8915662650602378
-0.846987951807229
0.38554216867470004
-0.32891566265060135
0.6746987951807242
0.14337349397590415
-0.5783132530120518
1.1253012048192765
2.715662650602411
3.1216867469879546
1.7831325301204792
1.3204819277108442
-0.7024096385542187
-1.7771084337349379
-1.8204819277108406
-0.1795180722891594
0.6975903614457835
0.9638554216867448
0.4855421686746979
-3.5216867469879496
-4.99036144578313
-3.445783132530119
-2.7855421686746986
-1.5156626506024118
-0.7795180722891573
0.22530120481927796
1.2301204819277114
3.4313253012048186
3.3060240963855403
3.071084337349399
0.9626506024096404
0.5192771084337355
-0.19879518072289137
0.5493975903614441
0.6325301204819276
-0.06506024096385588
0.508433734939759
0.38313253012048065
-0.15180722891566134
0.0409638554216869
-0.4626506024096386
0.02289156626506106
-1.3903614457831335
-4.80843373493976
-6.56987951807229
-5.801204819277108
-2.1891566265060245
-2.5759036144578307
-1.8554216867469862
-0.7397590361445783
1.3602409638554196
1.0819277108433738
2.056626506024097
1.0963855421686741
1.767469879518071
-0.31686746987951864
-0.5554216867469872
-0.8686746987951821
-0.4481927710843365
-0.3602409638554196
1.234939759036143
-1.2530120481927716
0.28674698795180653
0.3638554216867469
-2.097590361445784
-0.23734939759036155
0.04216867469879482
-2.944578313253012
-2.313253012048193
-1.508433734939758
-3.1385542168674703
-3.685542168674698
-4.321686746987952
-4.014457831325301
-2.1168674698795185
-1.4542168674698792
0.10000000000000053
2.353012048192771
3.8662650602409645
4.380722891566266
2.573493975903615
0.9132530120481928
1.0746987951807236
1.1409638554216874
0.5
1.2240963855421692
2.989156626506024
3.5048192771084334
0.9469879518072286
2.3493975903614457
0.9048192771084334
2.8554216867469875
3.012048192771084
0.654216867469879
-0.35421686746987957
0.9722891566265064
1.027710843373494
1.1144578313253013
-0.6289156626506025
-1.730120481927711
-2.4012048192771083
-2.7373493975903616
-2.710843373493976
-3.136144578313253
-2.362650602409638
-1.3385542168674698
-0.6313253012048192
0.4012048192771087
-0.5734939759036144
0.5783132530120483
1.1518072289156622
0.257831325301205
-1.4481927710843374
-1.9313253012048195
-0.8987951807228916
-0.3373493975903614
