-1.163855421686747
-0.4373493975903614
-0.9349397590361446
-0.07831325301204828
1.591566265060241
1.8000000000000003
1.8012048192771086
2.2759036144578313
1.4614457831325303
1.6951807228915663
3.0771084337349395
4.636144578313253
4.349397590361447
3.4891566265060243
3.9903614457831322
4.332530120481929
3.6831325301204823
2.943373493975904
4.216867469879518
2.6433734939759033
2.565060240963855
5.6734939759036145
2.948192771084337
0.7506024096385542
2.5771084337349395
1.9204819277108431
3.6951807228915663
7.219277108433735
3.7457831325301205
3.378313253012048
3.4
2.9795180722891565
3.710843373493976
1.8397590361445784
2.1072289156626502
1.778313253012048
1.7036144578313248
5.074698795180723
1.2542168674698795
-0.7301204819277105
-1.110843373493976
-0.1204819277108431
-0.2493975903614456
0.2831325301204819
0.08674698795180724
0.733734939759036
0.98433734939759
-1.9421686746987954
-2.5421686746987953
-1.012048192771084
0.8819277108433741
1.9566265060240968
1.9951807228915666
2.66144578313253
3.410843373493976
2.703614457831325
3.4397590361445785
4.4795180722891565
4.124096385542169
5.918072289156627
6.060240963855422
5.86867469879518
1.693975903614458
-0.7831325301204819
-1.5614457831325304
-1.540963855421687
0.46385542168674654
0.6746987951807233
0.49518072289156656
2.345783132530121
2.9024096385542153
3.4060240963855426
2.765060240963856
2.701204819277109
2.2927710843373497
1.475903614457831
1.330120481927711
-1.283132530120481
-1.8373493975903612
-2.719277108433734
-2.4156626506024095
-4.395180722891568
-4.437349397590362
-4.355421686746987
-3.5108433734939766
-1.5060240963855422
-1.1240963855421686
0.8915662650602414
0.9469879518072286
1.4228915662650596
2.146987951807228
1.9072289156626514
0.6385542168674707
0.4349397590361441
-0.9072289156626514
-1.14578313253012
-0.9277108433734949
-2.5867469879518072
-1.5096385542168687
-1.0120481927710827
0.6578313253012062
0.1096385542168683
-0.5325301204819279
-2.3987951807228907
-1.0903614457831328
-1.3048192771084342
-2.0144578313253003
-2.032530120481928
-0.3409638554216876
0.7361445783132545
-1.772289156626508
-0.920481927710842
1.0879518072289152
0.6253012048192783
2.1698795180722907
0.7903614457831338
1.2614457831325296
0.6180722891566255
-0.4903614457831331
-0.2831325301204828
0.15903614457831416
0.6650602409638537
1.66144578313253
2.5048192771084334
1.072289156626507
0.8036144578313262
0.7783132530120476
1.5096385542168687
1.9036144578313259
2.2060240963855406
1.3638554216867451
0.42650602409638516
1.2289156626506053
2.006024096385545
1.3915662650602414
0.06987951807229109
-0.8253012048192776
-1.2542168674698804
-1.4156626506024086
-1.218072289156627
-0.3240963855421697
-0.8337349397590383
-0.6289156626506056
-1.0108433734939766
-0.2192771084337366
0.7759036144578317
2.7072289156626503
2.868674698795182
1.830120481927711
0.14578313253011999
0.3132530120481931
0.9349397590361441
0.29277108433734966
-0.0963855421686759
-1.5385542168674675
-1.6096385542168683
-1.2072289156626503
-0.6469879518072297
-0.4590361445783131
0.19277108433734824
0.5024096385542158
0.8108433734939773
-0.8108433734939773
-1.773493975903616
-4.2144578313253
-6.072289156626507
-5.5192771084337355
-3.622891566265057
-1.3566265060240958
0.025301204819275114
1.0987951807228917
2.216867469879517
3.2445783132530153
3.098795180722888
2.9289156626506028
3.451807228915662
3.4638554216867448
3.544578313253009
2.4216867469879553
2.6024096385542173
2.185542168674697
0.35421686746988
1.0012048192771097
1.450602409638556
0.37590361445783316
1.6674698795180731
-0.3253012048192794
-0.5891566265060248
-0.3493975903614448
-0.4180722891566262
0.13855421686746894
0.3036144578313227
-0.6204819277108413
-2.7048192771084345
-4.116867469879519
-2.304819277108436
-1.3120481927710834
-1.485542168674698
-2.0277108433734945
-1.219277108433733
-1.1590361445783124
-1.3084337349397615
-3.2457831325301214
-2.754216867469882
-1.9903614457831331
-0.7156626506024075
0.13493975903614341
-0.02048192771084345
0.4373493975903635
0.7722891566265062
1.215662650602411
1.889156626506022
1.7012048192771054
0.9036144578313241
1.6469879518072261
2.4084337349397593
2.4771084337349407
0.9819277108433724
0.8409638554216876
0.3144578313253028
0.5698795180722875
0.1566265060241001
0.6783132530120461
0.3000000000000007
0.6289156626506021
-0.03734939759036138
-3.257831325301204
-2.3349397590361427
-1.6903614457831324
-1.6734939759036145
-0.9325301204819283
0.015662650602408235
0.6289156626506021
0.79156626506024
0.0
-0.5602409638554207
-0.2132530120481917
0.22168674698795243
0.8530120481927703
1.9554216867469911
2.9240963855421676
4.263855421686749
4.185542168674701
1.9987951807228939
1.3253012048192794
1.662650602409638
2.377108433734943
0.8265060240963855
3.2132530120481917
2.108433734939762
-0.046987951807228256
0.7855421686746986
2.1710843373493987
3.674698795180724
1.1433734939759042
-1.378313253012049
-3.5746987951807245
-4.784337349397591
-3.678313253012046
-3.5168674698795197
-2.379518072289157
-1.702409638554217
-2.577108433734937
-2.52048192771084
-3.6795180722891594
-4.1024096385542155
-4.0361445783132535
-3.1144578313253017
-2.8216867469879503
-2.590361445783131
-3.445783132530119
-3.3855421686746983
-3.015662650602412
-0.6795180722891576
-0.774698795180722
-2.169879518072289
-4.068674698795181
-4.493975903614459
-3.0289156626506024
-1.8373493975903603
0.31927710843373447
0.0012048192771096922
0.3493975903614448
1.3325301204819269
0.5349397590361438
1.008433734939759
2.08313253012048
2.8481927710843387
2.040963855421687
2.4373493975903617
1.1228915662650607
1.3096385542168676
0.6915662650602403
2.5301204819277103
3.6987951807228914
3.210843373493976
3.7240963855421683
3.344578313253013
2.2602409638554217
1.3602409638554196
2.3819277108433745
2.756626506024096
1.0963855421686741
-0.5325301204819279
1.3831325301204824
1.6445783132530138
3.4313253012048186
3.5518072289156635
4.33975903614458
2.234939759036143
1.2469879518072293
0.8867469879518062
2.563855421686746
2.502409638554216
2.862650602409638
2.242168674698794
2.355421686746988
2.386746987951807
1.6915662650602412
0.8614457831325302
2.1144578313253026
1.5783132530120483
0.2855421686746986
0.18313253012048136
2.4457831325301207
-0.09999999999999964
-3.5469879518072287
-4.1337349397590355
-3.6192771084337343
-3.426506024096385
-3.5867469879518072
-3.8253012048192767
-1.759036144578313
1.5
0.024096385542168974
-1.0108433734939761
-1.4951807228915661
-1.153012048192771
0.049397590361445864
-1.6951807228915663
-1.3445783132530122
-2.9879518072289155
-2.9457831325301207
-1.7542168674698795
-0.5277108433734936
1.8277108433734939
2.714457831325301
3.871084337349397
5.2698795180722895
5.3987951807228916
3.662650602409638
2.089156626506024
1.6638554216867472
2.0373493975903614
3.06144578313253
1.568674698795181
2.7012048192771085
1.7265060240963854
0.9783132530120482
-0.048192771084337505
-3.1421686746987953
-2.4481927710843374
-0.23132530120481942
-0.6987951807228916
-0.8373493975903614
