-1.463855421686747
-0.03734939759036138
2.565060240963856
5.521686746987951
2.691566265060241
1.7000000000000002
1.1012048192771084
1.8759036144578314
2.26144578313253
6.695180722891566
5.87710843373494
3.536144578313253
3.149397590361446
4.789156626506024
2.6903614457831324
5.732530120481927
6.383132530120482
2.943373493975904
2.216867469879518
2.443373493975903
0.5650602409638554
2.9734939759036143
1.6481927710843371
2.050602409638554
3.47710843373494
1.1204819277108433
0.9951807228915661
0.01927710843373487
-0.5542168674698795
0.8783132530120483
-0.5999999999999999
-0.6204819277108435
-0.7891566265060241
-1.9602409638554217
-0.2927710843373492
-1.4216867469879517
-1.8963855421686748
-0.22530120481927707
-1.1457831325301204
-1.1301204819277106
1.8891566265060238
1.379518072289157
-0.2493975903614456
1.283132530120482
1.1867469879518073
2.0337349397590363
4.0843373493975905
3.757831325301205
2.057831325301205
0.6879518072289161
0.1819277108433739
0.7566265060240966
1.5951807228915662
0.06144578313252946
1.0108433734939757
3.3036144578313245
0.13975903614457863
0.6795180722891567
1.1240963855421686
1.3180722891566266
2.460240963855422
2.2686746987951807
1.9939759036144578
1.6168674698795185
0.5385542168674702
-0.7409638554216862
-0.4361445783132538
-1.025301204819277
0.19518072289156674
2.6457831325301218
1.5024096385542167
0.7060240963855424
0.8650602409638557
0.40120481927710827
-0.9072289156626496
0.6759036144578321
1.030120481927712
1.3168674698795186
2.0626506024096383
1.1807228915662655
-0.11566265060240966
-0.19518072289156763
0.5626506024096383
0.5445783132530124
1.1891566265060245
1.9939759036144586
1.5759036144578307
2.6915662650602403
3.0469879518072283
3.7228915662650603
1.9469879518072286
0.10722891566265069
0.13855421686747071
-1.765060240963857
-2.9072289156626514
-3.0457831325301195
-1.7277108433734956
-0.1867469879518069
1.1903614457831324
1.6879518072289166
1.757831325301206
2.5096385542168687
4.367469879518072
5.30120481927711
5.309638554216869
3.595180722891566
1.2855421686746986
0.9674698795180721
-1.1409638554216865
0.6361445783132531
2.727710843373492
3.879518072289157
1.6879518072289148
2.025301204819277
1.5698795180722893
1.9903614457831331
0.26144578313252964
2.3180722891566266
0.709638554216868
0.9168674698795165
-0.9409638554216873
2.065060240963856
2.16144578313253
2.5048192771084334
3.572289156626507
3.5036144578313255
2.678313253012048
1.8096385542168658
2.803614457831328
3.6060240963855428
4.563855421686748
4.326506024096384
4.128915662650604
3.6060240963855428
0.3915662650602414
1.8698795180722882
3.274698795180722
3.2457831325301214
2.2843373493975925
-0.3180722891566248
-2.9240963855421693
-1.8337349397590383
-2.628915662650604
-1.2108433734939776
0.18072289156626553
-0.9240963855421676
-0.6927710843373482
-0.53132530120482
0.33012048192771104
0.04578313253012212
0.11325301204819027
1.1349397590361434
2.492771084337349
3.703614457831325
5.361445783132531
6.690361445783129
7.092771084337347
6.2530120481927725
4.4409638554216855
1.892771084337351
2.002409638554216
3.1108433734939744
2.4891566265060234
1.5265060240963848
-0.7144578313252978
-0.2722891566265062
-0.8192771084337345
-0.5228915662650593
0.44337349397590486
1.0253012048192751
-1.7012048192771054
-1.7831325301204828
-1.2554216867469847
-0.3012048192771104
-2.5710843373493972
-1.4481927710843365
-0.3361445783132524
1.0445783132530089
2.021686746987953
2.402409638554218
3.0855421686746993
4.154216867469877
5.401204819277108
6.050602409638554
6.5759036144578324
6.2674698795180745
6.3746987951807235
5.910843373493975
3.950602409638556
2.281927710843373
2.4385542168674696
3.1036144578313234
5.47951807228916
5.095180722891566
5.683132530120481
5.895180722891563
5.487951807228914
5.414457831325301
6.172289156626505
5.980722891566266
5.640963855421688
6.491566265060239
6.654216867469881
6.545783132530119
3.8096385542168676
2.2843373493975925
1.1349397590361434
1.7795180722891573
1.9373493975903635
1.9722891566265055
-0.4843373493975882
-1.8108433734939773
-2.698795180722893
-1.2963855421686752
1.6469879518072261
2.70843373493976
3.777108433734938
5.681927710843372
6.74096385542169
7.014457831325302
5.369879518072288
1.8566265060240994
3.5783132530120447
4.800000000000001
5.828915662650601
2.8626506024096408
-1.1578313253012027
-1.7349397590361413
-0.3903614457831317
-1.573493975903613
-2.832530120481927
-0.684337349397591
-0.7710843373493965
-0.5084337349397607
-0.5
-2.3602409638554214
-0.6132530120481903
0.22168674698795243
0.9530120481927717
2.255421686746992
3.2240963855421683
4.363855421686747
4.085542168674699
3.5987951807228917
0.9253012048192772
-0.23734939759036067
-0.6228915662650572
-1.273493975903616
-1.9867469879518076
-2.0915662650602407
-1.346987951807229
-1.7144578313253014
-1.5289156626506006
-1.5253012048192751
-1.4566265060240973
-1.4783132530120504
0.2253012048192744
1.1156626506024097
0.7216867469879524
2.8831325301204807
1.3204819277108442
0.2975903614457813
0.9228915662650614
-0.020481927710839898
-0.3795180722891587
-3.402409638554216
-2.5361445783132535
-0.5144578313253021
0.7783132530120511
0.30963855421687114
-0.5457831325301186
-1.7855421686746986
-1.715662650602411
-2.579518072289158
-1.8746987951807217
-1.4698795180722897
0.33132530120481896
0.5060240963855414
1.071084337349399
1.262650602409641
1.5192771084337355
1.201204819277109
1.4493975903614444
1.3325301204819269
1.0349397590361438
0.20843373493975825
0.9831325301204803
-0.8518072289156624
-1.959036144578313
-2.2626506024096376
-0.9771084337349389
-0.1903614457831324
-1.1084337349397586
-2.6698795180722907
-2.501204819277108
-1.089156626506023
-0.7759036144578317
0.9445783132530128
0.36024096385542137
-0.039759036144578985
1.0819277108433738
2.556626506024097
2.296385542168675
2.0674698795180717
1.483132530120482
0.14457831325301385
-0.7686746987951807
2.651807228915663
1.539759036144579
1.9349397590361441
2.9469879518072286
3.486746987951806
3.2638554216867472
4.202409638554217
3.062650602409639
3.3421686746987938
2.6554216867469886
1.686746987951806
2.491566265060242
3.661445783132529
2.9144578313253016
3.7783132530120476
3.185542168674699
4.283132530120481
3.4457831325301216
0.2999999999999998
-2.4469879518072286
-3.633734939759036
-2.8192771084337345
-1.826506024096385
-1.6867469879518073
-2.6253012048192765
-1.5590361445783127
0.20000000000000018
2.224096385542169
2.0891566265060244
0.5048192771084334
-0.45301204819277086
1.4493975903614453
1.4048192771084334
3.755421686746988
3.6120481927710846
1.7542168674698795
1.74578313253012
-0.3277108433734939
0.027710843373494054
1.6144578313253013
3.0710843373493972
2.669879518072289
3.0987951807228917
2.7626506024096384
2.6891566265060236
3.1638554216867467
3.7373493975903616
4.06144578313253
4.36867469879518
4.301204819277109
4.726506024096386
4.178313253012048
2.951807228915662
2.157831325301205
1.3518072289156629
0.5686746987951805
2.4012048192771083
1.4626506024096384
