1.636144578313253
-0.03734939759036138
0.7650602409638554
0.4216867469879517
0.0915662650602409
1.8000000000000003
1.1012048192771084
1.5759036144578316
3.96144578313253
4.195180722891566
5.67710843373494
2.936144578313253
1.5493975903614459
0.389156626506024
0.1903614457831324
1.2325301204819277
0.2831325301204819
-1.9566265060240964
-1.583132530120482
-1.2566265060240966
-1.2349397590361446
-1.3265060240963855
0.3481927710843373
1.550602409638554
1.3771084337349397
2.7204819277108427
3.495180722891566
5.019277108433735
6.04578313253012
4.578313253012048
5.300000000000001
5.779518072289156
6.310843373493976
6.039759036144577
2.907228915662651
2.478313253012048
1.503614457831325
3.574698795180723
4.054216867469879
4.46987951807229
3.289156626506024
-0.5204819277108435
0.1506024096385543
0.7831325301204819
1.4867469879518072
2.333734939759036
3.18433734939759
1.6578313253012045
2.3578313253012047
2.687951807228916
1.2819277108433735
3.0566265060240965
4.2951807228915655
6.2614457831325305
3.710843373493976
2.403614457831325
0.13975903614457863
0.7795180722891564
3.324096385542169
2.6180722891566264
2.5602409638554215
2.668674698795181
0.49397590361445776
0.2168674698795181
-0.8614457831325302
-1.540963855421687
-1.7361445783132536
-1.7253012048192762
-0.30481927710843326
0.2457831325301214
1.4024096385542153
1.9060240963855426
0.46506024096385623
0.9012048192771083
-2.2072289156626494
-0.12409638554216862
-0.5698795180722884
0.8168674698795186
1.5626506024096383
1.4807228915662662
0.98433734939759
0.904819277108432
-0.23734939759036067
0.044578313253012425
0.6891566265060245
1.193975903614458
1.0759036144578307
1.991566265060241
1.9469879518072286
2.1228915662650607
2.7469879518072275
2.8072289156626518
3.6385542168674707
3.434939759036144
3.1927710843373482
3.9542168674698797
3.572289156626505
2.613253012048194
1.4903614457831313
2.587951807228917
1.757831325301206
1.709638554216868
1.467469879518072
3.0012048192771097
2.0096385542168687
2.595180722891566
3.185542168674699
1.767469879518071
1.8590361445783135
2.0361445783132535
2.1277108433734924
2.9795180722891583
1.1879518072289148
-1.1746987951807224
-3.4301204819277107
-2.509638554216867
-1.8385542168674718
-3.3819277108433745
-1.4903614457831331
-0.5831325301204835
-3.040963855421687
-1.8349397590361463
0.9614457831325289
2.2048192771084363
0.37228915662650763
0.4036144578313259
1.178313253012048
1.4096385542168672
-0.2963855421686734
-0.5939759036144583
-1.136144578313253
-0.973493975903617
-1.6710843373493969
-0.09397590361445651
-0.10843373493975861
-2.5301204819277103
-2.5253012048192787
-1.9542168674698797
-4.2156626506024075
-1.5180722891566258
1.1759036144578303
1.6662650602409599
-2.028915662650604
-0.7108433734939794
-1.3192771084337345
-0.024096385542168974
2.1072289156626525
3.46867469879518
-0.16987951807228896
-1.1542168674698772
-1.3867469879518097
-1.4650602409638545
-1.7072289156626503
-1.096385542168676
-1.3385542168674682
-0.7096385542168697
0.29277108433734966
1.653012048192771
0.6409638554216848
-0.507228915662651
-0.49759036144578417
-0.28915662650602414
-0.7108433734939759
-0.7734939759036159
-1.7144578313252978
-1.7722891566265062
-0.5192771084337373
-1.4228915662650579
-2.9566265060240937
-2.8746987951807235
-1.1012048192771076
0.11686746987951935
1.544578313253016
3.2987951807228875
4.528915662650601
3.0518072289156635
0.9638554216867448
0.8445783132530096
0.8216867469879539
1.2024096385542187
1.485542168674698
1.4542168674698779
1.0012048192771097
0.8506024096385545
-0.22409638554216826
0.36746987951807597
1.3746987951807235
2.010843373493973
1.750602409638553
2.8819277108433745
3.638554216867469
3.6036144578313234
2.079518072289158
-1.804819277108436
-2.8168674698795186
-2.404819277108434
-1.6120481927710841
-0.8855421686747
0.6722891566265048
1.8807228915662648
3.040963855421687
2.29156626506024
0.15421686746988073
-0.45421686746988144
0.5096385542168669
1.684337349397591
1.8349397590361427
0.3795180722891587
0.7373493975903642
1.1722891566265083
1.9156626506024104
-0.2108433734939794
-0.29879518072289457
-0.2963855421686752
0.7469879518072275
1.70843373493976
-1.5228915662650593
-0.8180722891566283
-0.25903614457831026
0.3144578313253028
0.06987951807228754
-2.0433734939759027
-3.6216867469879546
-2.599999999999998
-1.4710843373493994
0.16265060240964146
1.642168674698798
1.1650602409638573
1.1096385542168683
-0.6734939759036145
-0.13253012048192758
0.11566265060240966
0.6289156626506021
-0.5084337349397607
-0.1999999999999993
1.339759036144578
1.8867469879518097
2.121686746987951
2.253012048192769
3.555421686746989
3.8240963855421697
0.9638554216867483
2.8855421686747
2.8987951807228924
3.6253012048192765
3.8626506024096408
3.9771084337349407
3.426506024096387
2.0132530120481924
1.9084337349397593
3.2530120481927725
3.5855421686746993
4.071084337349397
4.274698795180722
4.443373493975905
3.921686746987948
4.425301204819274
1.815662650602409
0.6216867469879546
0.38313253012048065
-0.3795180722891587
1.6975903614457835
1.4228915662650614
-1.02048192771084
0.12048192771084132
0.2975903614457849
0.6638554216867476
0.4855421686746979
0.6783132530120497
1.1096385542168683
1.5542168674698829
2.0144578313253003
2.484337349397588
1.220481927710841
1.925301204819279
0.2301204819277114
-0.46867469879518
-0.7939759036144594
-2.128915662650602
-1.93734939759036
-1.6807228915662655
-2.798795180722891
-3.2506024096385566
-4.267469879518073
-4.365060240963855
-3.8915662650602414
-2.0168674698795197
-0.15180722891566134
-0.05903614457831452
1.137349397590361
0.42289156626505964
-0.09036144578313277
-0.8084337349397597
-1.5698795180722893
-1.9012048192771083
-1.3891566265060238
0.22409638554216826
1.4445783132530128
2.2602409638554217
1.960240963855421
2.1819277108433734
0.7566265060240962
1.4963855421686745
1.0674698795180717
1.6831325301204814
1.2445783132530135
0.33132530120481896
0.5518072289156635
0.73975903614458
0.9349397590361441
-1.9530120481927717
-2.7132530120481935
-3.3361445783132533
-3.3975903614457836
-2.5373493975903614
-1.257831325301206
-1.8445783132530114
-1.3132530120481931
-2.1084337349397586
-1.4385542168674705
-0.8855421686746983
1.378313253012048
2.3855421686746983
2.783132530120481
4.84578313253012
6.2
7.0530120481927705
7.3662650602409645
6.980722891566265
5.473493975903615
2.613253012048193
2.8746987951807235
-0.059036144578312744
-3.0
-0.17590361445783076
2.2891566265060237
1.4048192771084338
2.546987951807229
2.8493975903614457
0.9048192771084334
-0.34457831325301225
-0.4879518072289155
-0.745783132530121
0.14578313253012043
1.6722891566265061
2.327710843373494
0.1144578313253013
-0.5289156626506026
0.16987951807228896
0.29879518072289146
-0.9373493975903615
-2.1108433734939758
-1.036144578313253
2.637349397590362
4.361445783132531
1.8686746987951808
1.2012048192771085
0.7265060240963854
2.8783132530120485
3.8518072289156624
5.8578313253012055
3.4518072289156625
2.0686746987951805
0.8012048192771084
-0.9373493975903614
