1.036144578313253
5.2626506024096384
2.065060240963856
-0.8783132530120483
-0.3084337349397591
6.8
2.7012048192771085
1.2759036144578313
3.5614457831325304
4.195180722891566
-0.12289156626506037
-0.06385542168674696
1.8493975903614457
6.289156626506024
4.490361445783132
2.3325301204819278
3.283132530120482
4.143373493975903
2.216867469879518
0.1433734939759035
-0.7349397590361446
-1.6265060240963856
-1.9518072289156627
-0.4493975903614458
-0.4228915662650603
-1.6795180722891567
-1.9048192771084338
1.319277108433735
-0.1542168674698794
-0.4216867469879517
-1.2999999999999998
-1.3204819277108435
0.3108433734939757
1.2397590361445783
2.207228915662651
0.17831325301204837
-0.4963855421686749
-2.425301204819277
-0.14578313253012043
0.7698795180722895
2.9891566265060243
3.6795180722891567
5.150602409638554
1.9831325301204816
1.3867469879518075
1.8337349397590361
1.98433734939759
1.9578313253012043
3.557831325301205
2.787951807228916
3.2819277108433735
2.656626506024097
5.7951807228915655
1.9614457831325298
-0.8891566265060238
1.0036144578313246
3.739759036144579
4.679518072289156
5.024096385542169
4.418072289156627
4.860240963855421
3.3686746987951803
3.393975903614458
3.3168674698795186
2.7385542168674695
4.3590361445783135
5.063855421686747
4.774698795180724
5.095180722891567
3.845783132530121
1.4024096385542153
1.306024096385543
0.06506024096385676
4.101204819277108
5.29277108433735
2.675903614457832
2.530120481927712
-0.6831325301204805
-0.7373493975903607
-0.31927710843373447
1.184337349397591
3.7048192771084327
4.762650602409639
4.844578313253013
0.9891566265060234
-0.10602409638554278
0.17590361445783032
2.1915662650602403
1.6469879518072297
2.0228915662650593
2.846987951807229
4.20722891566265
0.5385542168674711
-0.26506024096385694
-0.20722891566265034
0.85421686746988
-0.9277108433734949
0.7132530120481935
1.790361445783132
1.2879518072289162
0.2578313253012059
0.709638554216868
-0.33253012048192687
-3.598795180722891
0.1096385542168683
1.2951807228915655
1.8855421686747
2.467469879518072
2.259036144578314
3.136144578313253
3.427710843373493
1.879518072289157
-0.11204819277108413
1.025301204819277
0.7698795180722904
0.9903614457831331
1.2614457831325296
0.31807228915662655
-1.9903614457831331
0.5168674698795179
1.459036144578313
0.5650602409638541
-0.83855421686747
-0.2951807228915655
-4.727710843373492
-3.4963855421686745
-2.7216867469879524
-3.5903614457831328
-1.7963855421686734
0.106024096385541
-1.2361445783132528
-1.0734939759036166
-0.8710843373493962
-2.3939759036144572
-5.80843373493976
-2.5301204819277103
-2.5253012048192787
-3.4542168674698797
-3.5156626506024082
-2.918072289156626
-0.1240963855421704
0.16626506024095988
0.7710843373493965
0.6891566265060227
-0.2192771084337366
-0.3240963855421697
-2.492771084337349
-1.831325301204819
-2.5698795180722875
-0.6542168674698772
0.413253012048191
2.0349397590361455
3.392771084337351
4.303614457831323
4.26144578313253
3.690361445783129
1.7927710843373497
1.5530120481927732
3.4409638554216855
2.1927710843373482
2.002409638554216
0.8108433734939773
1.4891566265060234
0.12650602409638623
1.5855421686746993
2.927710843373493
3.1807228915662655
3.1771084337349436
3.643373493975904
4.025301204819275
2.698795180722893
2.1168674698795193
-1.2554216867469847
1.2987951807228875
3.7289156626506
5.651807228915661
7.163855421686748
8.64457831325301
8.021686746987953
7.3024096385542165
6.985542168674698
6.454216867469878
6.701204819277109
4.550602409638554
2.7759036144578317
4.967469879518074
5.074698795180723
4.610843373493974
4.550602409638554
1.281927710843373
1.0385542168674675
0.4036144578313241
1.47951807228916
2.695180722891564
1.1831325301204814
-3.304819277108436
-0.7120481927710856
0.9144578313253007
-0.5277108433734945
1.3807228915662648
2.9409638554216855
4.29156626506024
5.054216867469879
6.045783132530119
7.309638554216868
7.38433734939759
6.234939759036141
0.27951807228915726
-0.06265060240963649
2.772289156626506
2.715662650602411
1.9891566265060234
2.2012048192771054
-0.9963855421686745
0.7469879518072275
2.0084337349397607
3.17710843373494
2.281927710843373
0.0409638554216869
1.514457831325302
3.669879518072289
5.056626506024099
4.778313253012048
3.3000000000000007
1.2289156626506035
0.8626506024096408
0.9421686746987952
1.1650602409638573
2.209638554216866
3.3265060240963855
4.167469879518073
2.1156626506024097
2.4289156626506028
1.5915662650602407
0.8000000000000007
2.4397590361445793
3.686746987951807
3.7216867469879524
4.85301204819277
1.8554216867469897
3.4240963855421676
5.56385542168675
2.7855421686746986
4.698795180722893
3.8253012048192794
3.3626506024096408
2.7771084337349414
1.1265060240963862
-3.386746987951806
-1.4915662650602393
-3.2469879518072275
-2.2144578313253014
-2.3289156626506013
0.6746987951807242
1.1433734939759042
2.621686746987951
3.1253012048192765
3.4156626506024104
4.621686746987955
4.883132530120481
3.5204819277108435
0.8975903614457827
0.022891566265062835
-1.02048192771084
-1.279518072289159
-0.6024096385542173
-0.6361445783132531
0.9855421686746979
1.5783132530120518
2.6096385542168683
3.6542168674698807
4.214457831325303
4.984337349397588
3.420481927710844
2.725301204819276
1.530120481927712
-1.46867469879518
0.106024096385541
0.4710843373493976
0.6626506024096397
-0.2807228915662652
-0.5987951807228917
-0.5506024096385556
0.7325301204819272
0.3349397590361445
1.808433734939758
3.1831325301204796
3.1481927710843394
1.9409638554216855
2.137349397590361
3.2228915662650603
3.509638554216867
4.891566265060241
5.63012048192771
6.398795180722891
5.3108433734939755
4.324096385542168
4.444578313253013
3.8602409638554214
4.16024096385542
4.1819277108433734
4.956626506024097
3.296385542168675
1.5674698795180717
1.0831325301204817
0.7445783132530135
0.5313253012048182
1.6518072289156631
2.9397590361445793
0.7349397590361431
-0.3530120481927721
1.5867469879518072
0.6638554216867458
-0.49759036144578417
-0.7373493975903616
0.34216867469879375
0.555421686746989
-0.8132530120481931
1.8915662650602423
0.9614457831325298
0.6144578313253017
0.6783132530120479
2.185542168674699
3.783132530120481
3.4457831325301216
3.8
5.453012048192771
6.3662650602409645
7.380722891566266
3.8734939759036155
4.613253012048192
4.374698795180723
2.240963855421687
2.5999999999999996
3.4240963855421693
2.8891566265060242
3.904819277108434
0.6469879518072288
-1.0506024096385542
-2.095180722891566
1.1554216867469873
1.4120481927710844
3.354216867469879
4.845783132530121
0.07228915662650648
0.12771084337349414
-1.2855421686746986
1.2710843373493974
1.5698795180722893
3.798795180722892
5.362650602409638
6.089156626506024
7.663855421686747
7.037349397590361
6.961445783132531
6.06867469879518
6.501204819277108
5.126506024096386
5.678313253012048
3.1518072289156622
1.357831325301205
1.5518072289156626
0.5686746987951805
2.4012048192771083
0.8626506024096385
