-0.463855421686747
1.0626506024096387
2.8650602409638557
2.8216867469879516
2.8915662650602405
1.5
0.6012048192771083
-0.9240963855421687
-0.5385542168674698
-0.10481927710843375
-2.2228915662650603
-2.063855421686747
1.3493975903614457
1.5891566265060242
1.5903614457831323
-1.0674698795180722
-0.9168674698795182
-2.056626506024096
-1.383132530120482
-0.7566265060240965
-0.03493975903614466
1.9734939759036145
4.748192771084337
1.650602409638554
1.7771084337349397
1.9204819277108431
-0.5048192771084339
0.7192771084337348
2.0457831325301203
3.9783132530120477
4.0
2.879518072289157
1.710843373493976
3.139759036144578
4.80722891566265
5.378313253012049
5.5036144578313255
4.774698795180724
4.154216867469879
4.2698795180722895
3.789156626506024
3.879518072289157
0.3506024096385545
-3.4168674698795183
-3.4132530120481928
-2.4662650602409637
0.6843373493975902
4.457831325301204
2.9578313253012043
5.087951807228917
5.481927710843374
5.256626506024096
4.395180722891567
5.161445783132529
5.510843373493976
5.203614457831325
4.9397590361445785
6.079518072289156
4.424096385542169
2.418072289156626
2.0602409638554215
1.7686746987951807
2.193975903614458
4.016867469879518
1.7385542168674695
0.5590361445783136
-0.03614457831325346
1.0746987951807236
1.095180722891567
0.6457831325301209
3.6024096385542164
2.7060240963855415
1.5650602409638568
0.40120481927710827
1.69277108433735
0.475903614457831
-1.9698795180722888
-2.9831325301204803
-2.937349397590361
-4.019277108433734
-1.1156626506024097
-0.6951807228915676
0.4626506024096386
1.1445783132530138
1.9891566265060234
2.693975903614458
3.1759036144578303
3.491566265060241
4.946987951807229
6.122891566265061
5.7469879518072275
6.007228915662651
3.538554216867471
1.3349397590361445
0.29277108433734966
-1.945783132530119
-5.027710843373495
-2.7867469879518065
-1.0096385542168687
-0.01204819277108271
-0.8421686746987938
-1.1903614457831324
-1.8325301204819269
-2.8987951807228907
-4.090361445783132
-3.2048192771084345
-2.814457831325301
-2.1325301204819294
-1.8409638554216876
-0.5638554216867462
-0.272289156626508
0.17951807228915762
0.7879518072289144
2.025301204819277
3.0698795180722893
0.4903614457831331
-1.2385542168674704
0.018072289156625843
0.709638554216868
1.2168674698795172
0.4590361445783131
1.065060240963854
-0.9385542168674714
-0.4951807228915648
-0.12771084337349237
-0.6963855421686738
1.8783132530120472
-0.3903614457831335
0.803614457831328
1.0060240963855414
-1.3361445783132542
0.02650602409638303
-0.2710843373493965
-2.693975903614456
-3.008433734939759
-1.5301204819277103
0.47469879518072133
-0.2542168674698786
-0.5156626506024082
-0.5180722891566258
-0.8240963855421697
-1.7337349397590387
0.1710843373493951
-3.0108433734939783
-1.7192771084337366
-2.024096385542169
0.10722891566265247
0.46867469879518
1.330120481927711
0.9457831325301207
0.413253012048191
1.2349397590361448
1.1927710843373518
3.1036144578313234
4.361445783132531
2.8903614457831317
2.992771084337349
2.153012048192771
2.840963855421684
2.892771084337351
2.702409638554215
3.3108433734939773
5.089156626506025
7.426506024096387
6.185542168674701
4.927710843373493
4.880722891566265
5.777108433734941
6.243373493975906
6.525301204819275
4.798795180722895
4.116867469879519
3.9445783132530146
2.098795180722888
2.5289156626506006
2.351807228915664
2.863855421686747
4.14457831325301
5.221686746987952
3.5024096385542194
1.985542168674698
3.35421686746988
2.9012048192771083
2.450602409638556
-1.0240963855421654
0.36746987951807597
1.8746987951807235
2.7108433734939723
-0.7493975903614469
-0.2180722891566269
0.3385542168674682
1.3036144578313227
1.7795180722891608
-0.9048192771084338
-3.6168674698795193
-2.004819277108435
-1.3120481927710834
1.6144578313253
2.3722891566265076
3.1807228915662655
3.240963855421686
2.891566265060238
2.954216867469878
2.4457831325301207
2.509638554216867
-0.015662650602408235
-2.065060240963856
-2.1204819277108413
-0.7626506024096358
0.5722891566265069
0.8156626506024125
-0.9108433734939787
-2.698795180722893
-2.596385542168676
-2.7530120481927725
-3.29156626506024
-1.6228915662650607
-0.7180722891566269
0.0409638554216869
-0.4855421686746979
0.5698795180722875
1.0566265060240987
2.3783132530120454
4.600000000000001
5.2289156626506035
5.862650602409641
5.642168674698798
3.465060240963858
3.509638554216867
1.726506024096384
1.6674698795180731
2.5156626506024082
3.4289156626506028
3.5915662650602407
1.8000000000000007
0.8397590361445779
1.2867469879518083
1.621686746987951
-0.6469879518072297
-0.7445783132530082
-0.8759036144578332
0.1638554216867476
-0.014457831325298542
1.4987951807228939
2.3253012048192794
2.3626506024096408
2.377108433734943
3.026506024096385
3.313253012048193
3.3084337349397615
3.3530120481927703
2.7855421686746986
2.7710843373493965
3.8746987951807235
3.943373493975905
4.32168674698795
4.225301204819274
3.815662650602409
2.021686746987953
2.6831325301204814
2.320481927710844
0.19759036144578346
-0.7771084337349379
-0.12048192771084132
0.3204819277108406
-0.0024096385542158316
0.8638554216867469
1.8855421686747
1.878313253012049
2.1096385542168683
2.754216867469882
3.5144578313253003
1.784337349397589
1.3204819277108424
1.7253012048192762
1.4301204819277107
2.631325301204818
2.106024096385541
0.17108433734939865
1.06265060240964
0.6192771084337352
0.10120481927710934
-0.8506024096385563
-2.2674698795180728
-1.1650602409638555
-0.991566265060241
-1.41686746987952
-2.5518072289156617
-1.6590361445783142
-1.0626506024096383
-0.8771084337349393
0.10963855421686652
0.3915662650602414
2.13012048192771
2.0987951807228917
1.410843373493977
0.024096385542168974
-1.5554216867469872
-2.6397590361445786
-1.039759036144579
-1.0180722891566258
-0.9433734939759031
0.2963855421686752
0.46746987951807206
0.18313253012048136
-0.9554216867469876
0.33132530120481896
-0.24819277108433724
-1.8602409638554205
-2.065060240963856
-2.153012048192771
-1.5132530120481933
0.26385542168674725
1.5024096385542158
2.7626506024096384
1.8421686746987938
1.4554216867469876
2.886746987951807
3.491566265060242
2.96144578313253
2.9144578313253016
3.178313253012048
3.2855421686746986
0.9831325301204821
0.845783132530121
2.4000000000000004
4.0530120481927705
0.6662650602409643
-0.019277108433734647
0.8734939759036147
1.2132530120481926
0.37469879518072347
1.040963855421687
0.0
1.2240963855421692
0.689156626506024
-0.4951807228915661
-1.653012048192771
-2.1506024096385543
-2.395180722891566
-1.6445783132530123
-2.387951807228916
-1.6457831325301209
-2.8542168674698796
1.8722891566265063
-0.37228915662650586
0.21445783132530138
-1.3289156626506027
-0.8301204819277108
-0.9012048192771085
-0.3373493975903614
-0.8108433734939757
-1.8361445783132528
0.1373493975903619
0.46144578313253026
-0.13132530120481922
-1.2987951807228912
-0.4734939759036143
-0.5216867469879518
0.6518072289156622
1.657831325301205
3.351807228915663
3.66867469879518
2.5012048192771084
2.0626506024096383
