-10.2108
-9.12289
-8.65663
-8.59639
-8.08916
-7.9253
-7.70964
-7.26747
-7.11687
-7.06386
-6.76024
-6.7506
-6.65542
-6.21205
-6.14217
-6.06867
-5.90361
-5.79518
-5.78313
-5.5506
-5.4759
-5.45904
-5.38313
-5.37349
-5.25542
-5.2
-5.1759
-5.13253
-5.10843
-5.05663
-5.03976
-4.94578
-4.8988
-4.71687
-4.58554
-4.5241
-4.31807
-4.31084
-4.26988
-4.26024
-4.21446
-4.19036
-4.14337
-4.11084
-4.09518
-4.09157
-3.97108
-3.93012
-3.92169
-3.75301
-3.74819
-3.71687
-3.70964
-3.7
-3.62771
-3.61687
-3.60482
-3.59639
-3.59036
-3.53133
-3.42169
-3.39639
-3.39277
-3.37349
-3.33735
-3.32048
-3.30723
-3.27831
-3.27229
-3.24458
-3.21807
-3.1253
-3.0988
-3.09759
-3.09639
-3.03012
-2.99398
-2.98916
-2.95904
-2.93614
-2.91928
-2.8253
-2.8241
-2.82169
-2.78916
-2.76506
-2.57952
-2.56265
-2.55904
-2.54337
-2.53855
-2.52892
-2.51807
-2.49518
-2.49157
-2.4747
-2.4494
-2.41084
-2.3988
-2.35904
-2.35301
-2.33012
-2.32048
-2.31928
-2.30241
-2.27831
-2.27108
-2.26988
-2.26145
-2.23855
-2.23133
-2.23012
-2.21084
-2.18434
-2.1747
-2.15904
-2.13976
-2.13494
-2.09277
-1.99277
-1.93855
-1.91928
-1.90482
-1.8988
-1.88675
-1.85422
-1.85422
-1.84217
-1.81446
-1.74578
-1.73735
-1.73253
-1.7241
-1.71084
-1.68554
-1.65301
-1.62048
-1.61446
-1.60843
-1.59398
-1.58072
-1.55301
-1.54819
-1.53614
-1.51325
-1.50964
-1.47711
-1.47108
-1.44699
-1.43735
-1.4241
-1.36024
-1.3253
-1.31446
-1.31205
-1.29036
-1.28916
-1.28434
-1.2759
-1.2747
-1.23735
-1.23735
-1.22289
-1.22048
-1.21566
-1.20723
-1.20723
-1.1747
-1.16265
-1.15301
-1.15181
-1.14096
-1.10482
-1.1
-1.04578
-1.03855
-1.00843
-0.986747
-0.945783
-0.927711
-0.922892
-0.918072
-0.915663
-0.913253
-0.908434
-0.9
-0.854217
-0.836145
-0.827711
-0.814458
-0.812048
-0.793976
-0.781928
-0.756627
-0.749398
-0.721687
-0.698795
-0.698795
-0.698795
-0.684337
-0.656627
-0.655422
-0.638554
-0.622892
-0.604819
-0.601205
-0.585542
-0.583133
-0.562651
-0.554217
-0.545783
-0.531325
-0.522892
-0.486747
-0.479518
-0.479518
-0.46506
-0.407229
-0.404819
-0.396386
-0.381928
-0.33494
-0.327711
-0.319277
-0.244578
-0.240964
-0.238554
-0.228916
-0.221687
-0.187952
-0.179518
-0.177108
-0.16506
-0.133735
-0.13253
-0.127711
-0.0759036
0.00240964
0.142169
0.184337
0.20241
0.209639
0.23012
0.3
0.362651
0.36506
0.375904
0.381928
0.385542
0.438554
0.445783
0.450602
0.483133
0.487952
0.489157
0.536145
0.574699
0.579518
0.609639
0.645783
0.659036
0.70241
0.736145
0.763855
0.76506
0.773494
0.774699
0.775904
0.792771
0.814458
0.825301
0.857831
0.89759
0.914458
0.922892
0.926506
0.962651
0.96506
1.00964
1.02651
1.02771
1.08675
1.1506
1.15663
1.16747
1.17349
1.18434
1.19518
1.20482
1.22169
1.23494
1.24578
1.25783
1.26024
1.26265
1.27108
1.27952
1.30361
1.33855
1.33976
1.35181
1.36386
1.36747
1.39398
1.39518
1.45301
1.45422
1.48072
1.48313
1.49157
1.51084
1.55181
1.62651
1.64819
1.66867
1.67108
1.68675
1.75301
1.76386
1.83133
1.88916
1.91687
1.99398
1.9988
2.08313
2.08434
2.09036
2.1012
2.10602
2.11325
2.12892
2.14458
2.1988
2.26145
2.26988
2.29157
2.34458
2.37952
2.40843
2.42169
2.46386
2.51928
2.53253
2.56265
2.57831
2.58554
2.61687
2.70964
2.72771
2.80361
2.84217
3
3.03373
3.06627
3.13494
3.20964
3.23012
3.25301
3.2988
3.3988
3.42169
3.5494
3.67831
3.99157
4.55542
